################################################################################
# Neural network connection values (weights and biases).
################################################################################
# Col  Name       Description
################################################################################
# 1    connection Neural network connection value.
# 2    t          Connection type (a = weight, b = bias).
# 3    index      Index enumerating weights.
# 4    l_s        Starting point layer (end point layer for biases).
# 5    n_s        Starting point neuron in starting layer (end point neuron for biases).
# 6    l_e        End point layer.
# 7    n_e        End point neuron in end layer.
################################################################################
#                      1 2         3     4     5     6     7
#             connection t     index   l_s   n_s   l_e   n_e
############################################################
  6.4331989657708433E-01 a         1     0     1     1     1
 -7.0386813185891173E-01 a         2     0     1     1     2
  2.8189615511515309E-01 a         3     0     1     1     3
  8.4860265770079224E-01 a         4     0     1     1     4
  4.0242911476182031E-02 a         5     0     1     1     5
 -1.3942148728923875E-01 a         6     0     1     1     6
 -1.8123674441968823E-01 a         7     0     1     1     7
 -1.0591655213451798E+00 a         8     0     1     1     8
  7.6131631048373705E-01 a         9     0     1     1     9
 -5.8699938857958101E-02 a        10     0     1     1    10
  2.7833112410476946E-01 a        11     0     1     1    11
  3.3575821583839643E-01 a        12     0     1     1    12
 -5.7215269317375106E-01 a        13     0     1     1    13
 -7.3438479453650463E-01 a        14     0     1     1    14
 -3.2977840073046133E-01 a        15     0     1     1    15
  4.5537416322572932E-01 a        16     0     2     1     1
 -2.5697761908821535E-02 a        17     0     2     1     2
 -7.3953360245409083E-01 a        18     0     2     1     3
 -2.3912278904479975E-01 a        19     0     2     1     4
  2.8543430451018309E-01 a        20     0     2     1     5
  7.0597263538779387E-01 a        21     0     2     1     6
  5.6895463506147770E-01 a        22     0     2     1     7
  4.6792133262677499E-01 a        23     0     2     1     8
  3.5522076698822386E-01 a        24     0     2     1     9
 -7.9569325593075257E-01 a        25     0     2     1    10
 -9.5819928730904158E-01 a        26     0     2     1    11
  1.2177127488922344E+00 a        27     0     2     1    12
  1.3187488777823027E+00 a        28     0     2     1    13
  1.0032751425336484E+00 a        29     0     2     1    14
 -1.3921873288505455E+00 a        30     0     2     1    15
  2.6908402520892838E-01 a        31     0     3     1     1
  1.7262023406295215E-01 a        32     0     3     1     2
 -1.7253963425721497E-01 a        33     0     3     1     3
  1.0698791567601602E-01 a        34     0     3     1     4
 -6.0593876186893902E-01 a        35     0     3     1     5
 -5.7776632556971963E-01 a        36     0     3     1     6
 -2.8455946134604210E-01 a        37     0     3     1     7
  4.9268459413898257E-02 a        38     0     3     1     8
  7.7131745013667341E-01 a        39     0     3     1     9
  7.8501816244144884E-01 a        40     0     3     1    10
 -4.8611427314240357E-01 a        41     0     3     1    11
 -4.8961077354844318E-01 a        42     0     3     1    12
  7.5515111165416493E-01 a        43     0     3     1    13
  5.1601665903432470E-01 a        44     0     3     1    14
  4.9489113626486136E-01 a        45     0     3     1    15
  9.4938217427865113E-01 a        46     0     4     1     1
 -8.6488227415920105E-02 a        47     0     4     1     2
  1.1039719010130102E+00 a        48     0     4     1     3
  3.2539726684433118E-01 a        49     0     4     1     4
 -2.7191425280920278E-01 a        50     0     4     1     5
  3.3893538590446339E-03 a        51     0     4     1     6
  1.1940111764571735E+00 a        52     0     4     1     7
  5.9860133126817383E-01 a        53     0     4     1     8
 -2.3720021761770410E-01 a        54     0     4     1     9
  1.6915425876776372E-01 a        55     0     4     1    10
 -4.4519275944309111E-01 a        56     0     4     1    11
 -3.2265738602258470E-01 a        57     0     4     1    12
  1.2401934468328408E+00 a        58     0     4     1    13
  1.7212805464696013E-01 a        59     0     4     1    14
 -7.3111149788841590E-01 a        60     0     4     1    15
 -6.9688355230757060E-01 a        61     0     5     1     1
 -2.8068021750786509E-01 a        62     0     5     1     2
  8.9291778498858165E-01 a        63     0     5     1     3
 -8.6077095938766890E-01 a        64     0     5     1     4
  1.1463830856522337E+00 a        65     0     5     1     5
  5.1087649229131407E-02 a        66     0     5     1     6
  2.8670616427095341E-01 a        67     0     5     1     7
 -6.5708678825188160E-01 a        68     0     5     1     8
 -2.7865616073125588E-01 a        69     0     5     1     9
  5.4983213063668013E-01 a        70     0     5     1    10
  1.4299709984838579E-02 a        71     0     5     1    11
 -6.0715030489344868E-01 a        72     0     5     1    12
 -6.8105526353674617E-01 a        73     0     5     1    13
 -2.0669224794487839E-01 a        74     0     5     1    14
 -1.0085474053829078E+00 a        75     0     5     1    15
 -2.7326473902386178E-01 a        76     0     6     1     1
  1.1302945823956385E+00 a        77     0     6     1     2
 -8.6866983150811136E-02 a        78     0     6     1     3
 -1.1033221247787039E-01 a        79     0     6     1     4
 -6.6335714322802142E-01 a        80     0     6     1     5
  7.6943762319244480E-01 a        81     0     6     1     6
  2.1000283091185925E-02 a        82     0     6     1     7
 -1.1141288399936793E+00 a        83     0     6     1     8
  1.8948369653441446E-01 a        84     0     6     1     9
 -9.0125967735804446E-01 a        85     0     6     1    10
  4.3873225699575119E-01 a        86     0     6     1    11
  2.3903131842556422E-01 a        87     0     6     1    12
  7.2520629419115612E-01 a        88     0     6     1    13
  5.4982474696098582E-01 a        89     0     6     1    14
 -2.9032848275653611E-01 a        90     0     6     1    15
 -3.8569609165436181E-01 a        91     0     7     1     1
  7.4870784594276363E-01 a        92     0     7     1     2
 -4.5818981722455776E-01 a        93     0     7     1     3
 -6.3500995458821274E-01 a        94     0     7     1     4
 -8.3000551919684848E-02 a        95     0     7     1     5
  7.2008653702069569E-01 a        96     0     7     1     6
  2.0275612845831070E-01 a        97     0     7     1     7
  9.8897548199866170E-01 a        98     0     7     1     8
 -1.0115318843492744E+00 a        99     0     7     1     9
 -8.4993894899121847E-01 a       100     0     7     1    10
  2.5790240042879381E-01 a       101     0     7     1    11
  6.9318280498664520E-01 a       102     0     7     1    12
 -3.5859677496825684E-02 a       103     0     7     1    13
  2.7963621241877240E-01 a       104     0     7     1    14
  4.4328205953574018E-01 a       105     0     7     1    15
  3.8995633774522093E-01 a       106     0     8     1     1
  1.2097333871880671E+00 a       107     0     8     1     2
  1.0365092568708696E+00 a       108     0     8     1     3
 -4.9364426502049336E-01 a       109     0     8     1     4
  6.8988510160601741E-03 a       110     0     8     1     5
 -5.3597592376309555E-01 a       111     0     8     1     6
 -3.7122254789287124E-01 a       112     0     8     1     7
 -4.3859509004956576E-01 a       113     0     8     1     8
  8.1252596675130562E-01 a       114     0     8     1     9
 -7.5646027483928291E-01 a       115     0     8     1    10
  1.4006692401927498E-03 a       116     0     8     1    11
 -3.0248756017369405E-01 a       117     0     8     1    12
  3.0618672767229349E-01 a       118     0     8     1    13
 -2.3221157546510848E-01 a       119     0     8     1    14
  2.4889501737000719E-01 a       120     0     8     1    15
  5.5943712378015076E-01 a       121     0     9     1     1
 -5.6110785480807834E-02 a       122     0     9     1     2
 -1.2239583108984431E-01 a       123     0     9     1     3
 -6.5414417158254401E-01 a       124     0     9     1     4
 -7.1646430291044294E-01 a       125     0     9     1     5
 -2.0801459580559359E-01 a       126     0     9     1     6
  2.4424461042158238E-01 a       127     0     9     1     7
 -4.9431684970241946E-01 a       128     0     9     1     8
 -1.2986915102912147E+00 a       129     0     9     1     9
 -1.2829359253365098E+00 a       130     0     9     1    10
 -3.7581944278693774E-01 a       131     0     9     1    11
  4.0935260965904649E-02 a       132     0     9     1    12
  9.8637356232433260E-01 a       133     0     9     1    13
  3.6673124142812852E-01 a       134     0     9     1    14
 -4.1999088193575140E-01 a       135     0     9     1    15
  1.9959154533178419E-01 a       136     0    10     1     1
  2.2945723664524373E-01 a       137     0    10     1     2
 -5.8453823030815966E-01 a       138     0    10     1     3
  1.3878194710133092E+00 a       139     0    10     1     4
  3.9417748403612340E-01 a       140     0    10     1     5
 -1.7426644373178785E-01 a       141     0    10     1     6
  1.7733072460426499E-01 a       142     0    10     1     7
  4.3403037209239026E-01 a       143     0    10     1     8
  1.8112573188176459E-01 a       144     0    10     1     9
 -1.1349827248542201E+00 a       145     0    10     1    10
  3.9345463529941688E-01 a       146     0    10     1    11
  1.2711809600482923E-01 a       147     0    10     1    12
 -7.1385697315662000E-01 a       148     0    10     1    13
 -3.8890214766309067E-01 a       149     0    10     1    14
  5.6152929637918425E-01 a       150     0    10     1    15
  6.4539617573949037E-01 a       151     0    11     1     1
  1.9123257922724918E-01 a       152     0    11     1     2
 -7.6712662641072116E-01 a       153     0    11     1     3
  1.7204227105629060E+00 a       154     0    11     1     4
 -6.6042468480502237E-01 a       155     0    11     1     5
  3.8343020001177824E-01 a       156     0    11     1     6
 -9.1346855760815848E-01 a       157     0    11     1     7
  5.1792708702814161E-01 a       158     0    11     1     8
  1.4768929624261213E+00 a       159     0    11     1     9
 -8.0964116654266993E-01 a       160     0    11     1    10
  1.9144791470930289E-01 a       161     0    11     1    11
  5.6031641779129748E-01 a       162     0    11     1    12
 -9.1657427923448220E-01 a       163     0    11     1    13
 -9.3381629741696691E-03 a       164     0    11     1    14
 -6.2039074831387475E-01 a       165     0    11     1    15
  1.4512881517214655E+00 a       166     0    12     1     1
 -3.0003545045438629E-01 a       167     0    12     1     2
 -8.0253144212739191E-01 a       168     0    12     1     3
  1.4099534388311716E+00 a       169     0    12     1     4
  7.7755443513062383E-01 a       170     0    12     1     5
 -1.1802961942090975E+00 a       171     0    12     1     6
 -3.3517030184802332E-01 a       172     0    12     1     7
 -3.4959031071363533E-01 a       173     0    12     1     8
  6.0263791294374425E-01 a       174     0    12     1     9
 -8.7870051510564418E-01 a       175     0    12     1    10
  2.4158085623804049E-02 a       176     0    12     1    11
 -7.7399338791881844E-01 a       177     0    12     1    12
  2.7360708057763988E-01 a       178     0    12     1    13
 -1.5310107535574133E+00 a       179     0    12     1    14
  1.3260725360726622E-01 a       180     0    12     1    15
 -3.9579721209892937E-01 a       181     0    13     1     1
  1.1036533185679260E+00 a       182     0    13     1     2
  6.8473077410019678E-01 a       183     0    13     1     3
 -4.4443454394737597E-01 a       184     0    13     1     4
  1.3312468226242047E+00 a       185     0    13     1     5
  5.4163571497706742E-01 a       186     0    13     1     6
  9.5939029112179186E-01 a       187     0    13     1     7
  2.2994938591694998E-02 a       188     0    13     1     8
  8.2346065979640060E-01 a       189     0    13     1     9
  3.1533500852720522E+00 a       190     0    13     1    10
 -9.9885616893700857E-01 a       191     0    13     1    11
  6.3891601081032257E-01 a       192     0    13     1    12
  4.2383675995415160E-01 a       193     0    13     1    13
  4.9511192993298092E-01 a       194     0    13     1    14
  6.6522812849815968E-02 a       195     0    13     1    15
  9.6561205124414975E-02 a       196     0    14     1     1
  5.9434978583417508E-01 a       197     0    14     1     2
  1.4604791699756087E-01 a       198     0    14     1     3
 -5.0848557050721888E-01 a       199     0    14     1     4
  5.3895992947127114E-01 a       200     0    14     1     5
  3.2804570339559919E-01 a       201     0    14     1     6
  1.1814142049382765E+00 a       202     0    14     1     7
 -6.0615486311903610E-01 a       203     0    14     1     8
 -5.7789944487504719E-01 a       204     0    14     1     9
 -5.0343826011153281E-01 a       205     0    14     1    10
 -3.6340513304970579E-01 a       206     0    14     1    11
  6.2628541895518572E-02 a       207     0    14     1    12
 -4.9868513059910802E-01 a       208     0    14     1    13
  2.5369012140364866E+00 a       209     0    14     1    14
  9.8412684575935272E-01 a       210     0    14     1    15
  1.1620926550223980E+00 a       211     0    15     1     1
 -5.2158861707630355E-01 a       212     0    15     1     2
 -4.2522855140282462E-01 a       213     0    15     1     3
  3.8015825822908417E-01 a       214     0    15     1     4
 -1.0487941974885839E-01 a       215     0    15     1     5
  3.2613733053683987E-02 a       216     0    15     1     6
  3.1304088024872850E-01 a       217     0    15     1     7
 -6.5076459275515908E-01 a       218     0    15     1     8
  4.7111029065674315E-01 a       219     0    15     1     9
 -2.7662512948936948E+00 a       220     0    15     1    10
  1.2902714984572192E+00 a       221     0    15     1    11
 -4.5594199365330856E-01 a       222     0    15     1    12
  1.0960637605581654E-01 a       223     0    15     1    13
 -6.5246735506369147E-01 a       224     0    15     1    14
  5.8807373515806516E-01 a       225     0    15     1    15
 -4.6581358236155673E-01 a       226     0    16     1     1
  5.0153414631763975E-02 a       227     0    16     1     2
  6.2276733342984480E-01 a       228     0    16     1     3
  2.4010117936703398E-01 a       229     0    16     1     4
 -3.0594618584475781E-02 a       230     0    16     1     5
  2.5754883239331672E-01 a       231     0    16     1     6
 -6.5255849534534305E-01 a       232     0    16     1     7
  3.7866538785526921E-01 a       233     0    16     1     8
 -6.3129388778942541E-01 a       234     0    16     1     9
  2.9827560668676905E-02 a       235     0    16     1    10
 -4.8180474962457531E-02 a       236     0    16     1    11
  5.6714019520932857E-01 a       237     0    16     1    12
 -3.0678635748873900E-01 a       238     0    16     1    13
 -5.7449702233113042E-01 a       239     0    16     1    14
 -1.2272264721880417E+00 a       240     0    16     1    15
  7.5477618746768649E-01 a       241     0    17     1     1
  3.8410924444818695E-01 a       242     0    17     1     2
 -6.9986038558237751E-01 a       243     0    17     1     3
  6.0295564192349238E-01 a       244     0    17     1     4
  2.0218941427767639E-01 a       245     0    17     1     5
  4.0249524912836537E-01 a       246     0    17     1     6
  1.7706760228302165E+00 a       247     0    17     1     7
 -7.4290150696257085E-01 a       248     0    17     1     8
  1.8141766227992351E-01 a       249     0    17     1     9
 -2.6313967196778859E-01 a       250     0    17     1    10
 -1.2234935535229319E+00 a       251     0    17     1    11
 -3.2944393164138142E-01 a       252     0    17     1    12
  3.1203098306854182E-01 a       253     0    17     1    13
  1.6042499869338456E-01 a       254     0    17     1    14
 -2.5617719340956613E-01 a       255     0    17     1    15
 -1.8270065990287079E-01 a       256     0    18     1     1
 -5.4157713129379481E-01 a       257     0    18     1     2
  5.1628818558947208E-02 a       258     0    18     1     3
 -8.8028392805161126E-01 a       259     0    18     1     4
  3.6657462669851032E-01 a       260     0    18     1     5
 -2.2418203480074086E-01 a       261     0    18     1     6
 -6.7609817130210015E-01 a       262     0    18     1     7
 -5.2008451134306910E-01 a       263     0    18     1     8
 -1.2692916146556583E+00 a       264     0    18     1     9
  1.8443559374346857E-01 a       265     0    18     1    10
 -2.9111678811691477E-01 a       266     0    18     1    11
  2.4107964485832117E-01 a       267     0    18     1    12
 -7.7929099396760859E-01 a       268     0    18     1    13
  9.6574177646152184E-02 a       269     0    18     1    14
 -2.9191250128478591E-01 a       270     0    18     1    15
  7.9287286093115883E-01 a       271     0    19     1     1
  4.8809026744594208E-01 a       272     0    19     1     2
 -5.0463342830369606E-01 a       273     0    19     1     3
 -1.0657263359854947E+00 a       274     0    19     1     4
 -1.1641379215136632E-01 a       275     0    19     1     5
 -7.8369553755840604E-01 a       276     0    19     1     6
 -5.2301414632300869E-01 a       277     0    19     1     7
 -1.0312775085249695E+00 a       278     0    19     1     8
 -1.2817528175782231E+00 a       279     0    19     1     9
  9.6550518922267725E-01 a       280     0    19     1    10
 -2.1903228974830555E+00 a       281     0    19     1    11
  2.1105784246139525E-01 a       282     0    19     1    12
  7.2717962460546093E-01 a       283     0    19     1    13
 -6.9121234316135183E-01 a       284     0    19     1    14
  8.5404080195556031E-01 a       285     0    19     1    15
 -1.4836975653926990E-01 a       286     0    20     1     1
 -3.2752776505379017E-01 a       287     0    20     1     2
 -2.1964270762718716E-01 a       288     0    20     1     3
 -8.4646004881580209E-02 a       289     0    20     1     4
 -8.6345256679444382E-01 a       290     0    20     1     5
 -6.4859670400994029E-01 a       291     0    20     1     6
  2.0719456513528378E+00 a       292     0    20     1     7
  3.8838296940332068E-01 a       293     0    20     1     8
  2.4501231235709942E-01 a       294     0    20     1     9
 -5.6094965630409865E-01 a       295     0    20     1    10
  1.3573410863696703E-01 a       296     0    20     1    11
 -2.1964762435060631E-01 a       297     0    20     1    12
  2.4641842992369672E-01 a       298     0    20     1    13
  2.0462556442369514E-01 a       299     0    20     1    14
  1.3107236902678943E+00 a       300     0    20     1    15
  3.4141078935560881E-01 a       301     0    21     1     1
  6.5139613327048662E-01 a       302     0    21     1     2
  1.3450548862884433E+00 a       303     0    21     1     3
  8.8784795333031175E-01 a       304     0    21     1     4
 -2.6239078601780302E-01 a       305     0    21     1     5
 -5.7466667811509879E-02 a       306     0    21     1     6
 -5.4974984596918164E-01 a       307     0    21     1     7
  1.3422389066514517E-01 a       308     0    21     1     8
 -9.0227966779419277E-01 a       309     0    21     1     9
 -1.0953138696541330E-01 a       310     0    21     1    10
 -1.3662865398337853E-01 a       311     0    21     1    11
  2.8949347334452945E-02 a       312     0    21     1    12
  6.3989519346163692E-01 a       313     0    21     1    13
  2.2133492544594807E-01 a       314     0    21     1    14
  8.8627398454942785E-01 a       315     0    21     1    15
 -7.8130130588787061E-01 a       316     0    22     1     1
 -3.7200462643895937E-01 a       317     0    22     1     2
  2.8234622852522673E-01 a       318     0    22     1     3
 -6.2803359437169548E-01 a       319     0    22     1     4
 -9.5612409420150934E-01 a       320     0    22     1     5
 -2.5438657831625905E-01 a       321     0    22     1     6
  6.6138360509433147E-01 a       322     0    22     1     7
 -5.8421503163307820E-01 a       323     0    22     1     8
 -1.7952639722041974E-01 a       324     0    22     1     9
 -1.7323341267314077E-01 a       325     0    22     1    10
  1.0010909821001912E+00 a       326     0    22     1    11
  1.0192785054944531E+00 a       327     0    22     1    12
 -1.4791760262388582E+00 a       328     0    22     1    13
 -4.1257034766677880E-01 a       329     0    22     1    14
  2.8662039895402752E-01 a       330     0    22     1    15
 -2.2728103491149237E-01 a       331     0    23     1     1
 -6.0424915825686698E-01 a       332     0    23     1     2
  7.0446512805359573E-01 a       333     0    23     1     3
 -7.6723804332831181E-03 a       334     0    23     1     4
 -7.2500720436418142E-01 a       335     0    23     1     5
  9.0790492288531227E-03 a       336     0    23     1     6
 -9.4418496652839398E-02 a       337     0    23     1     7
 -8.7061207381618200E-01 a       338     0    23     1     8
  2.2519649531092079E-01 a       339     0    23     1     9
 -5.9712211431245797E-02 a       340     0    23     1    10
 -5.4351095034719266E-01 a       341     0    23     1    11
 -2.9617535730707140E-01 a       342     0    23     1    12
 -5.9774209179635862E-01 a       343     0    23     1    13
 -3.3883954487516972E-02 a       344     0    23     1    14
 -3.9167628345646255E-01 a       345     0    23     1    15
  7.6784919711763766E-01 a       346     0    24     1     1
  3.6682627400326268E-01 a       347     0    24     1     2
  1.5416133119965122E-01 a       348     0    24     1     3
 -8.3290539189951507E-01 a       349     0    24     1     4
 -9.1542684472306102E-01 a       350     0    24     1     5
  5.2568632709479679E-01 a       351     0    24     1     6
 -9.0763521969071703E-01 a       352     0    24     1     7
  2.3668637857239680E-01 a       353     0    24     1     8
  4.7909923746818406E-02 a       354     0    24     1     9
  2.8225300119533625E-01 a       355     0    24     1    10
 -1.3134549487114606E+00 a       356     0    24     1    11
 -7.1426939206753479E-03 a       357     0    24     1    12
  5.4242306927136064E-01 a       358     0    24     1    13
  9.0570246512632402E-02 a       359     0    24     1    14
 -6.2164986343134854E-01 a       360     0    24     1    15
  7.1561392590129724E-01 a       361     0    25     1     1
  4.4650547121477124E-01 a       362     0    25     1     2
  5.4571235903350823E-01 a       363     0    25     1     3
  3.7486712753592838E-01 a       364     0    25     1     4
 -4.0167849355761426E-01 a       365     0    25     1     5
 -7.7723121477267232E-02 a       366     0    25     1     6
  8.2094590194858152E-01 a       367     0    25     1     7
  3.1180410353787041E-01 a       368     0    25     1     8
  4.6794160646075900E-01 a       369     0    25     1     9
 -1.3012971162560072E+00 a       370     0    25     1    10
 -3.3011932294892055E-01 a       371     0    25     1    11
 -7.3991628674923393E-01 a       372     0    25     1    12
 -9.4458003248315314E-01 a       373     0    25     1    13
 -6.9482394658010593E-02 a       374     0    25     1    14
  1.5113576021572592E-01 a       375     0    25     1    15
 -6.9435851359326506E-01 a       376     0    26     1     1
  9.1618671545223485E-01 a       377     0    26     1     2
 -2.9177271341078037E-01 a       378     0    26     1     3
  3.8133806244226853E-01 a       379     0    26     1     4
  2.3536514549293361E-01 a       380     0    26     1     5
  2.2390762127771982E-01 a       381     0    26     1     6
 -2.0743869611646248E-01 a       382     0    26     1     7
  4.3356112979535216E-01 a       383     0    26     1     8
  7.4967730073845884E-01 a       384     0    26     1     9
 -2.2202945898533533E-01 a       385     0    26     1    10
 -1.8887915042889053E-01 a       386     0    26     1    11
  1.2534023122110818E-01 a       387     0    26     1    12
  5.8229636036195775E-01 a       388     0    26     1    13
 -3.1775166818304584E-01 a       389     0    26     1    14
  8.6004241436251960E-01 a       390     0    26     1    15
  1.2543847380120399E-01 a       391     0    27     1     1
  1.0498278514085607E-01 a       392     0    27     1     2
 -5.4779079618259630E-01 a       393     0    27     1     3
  1.8041054981095211E-01 a       394     0    27     1     4
  3.7915619780085613E-01 a       395     0    27     1     5
  3.6446473692092196E-01 a       396     0    27     1     6
 -3.9435566781946213E-01 a       397     0    27     1     7
  4.2305291612215867E-01 a       398     0    27     1     8
 -4.6912642624970247E-01 a       399     0    27     1     9
 -2.5266362642769097E-01 a       400     0    27     1    10
  6.2278198167901477E-01 a       401     0    27     1    11
 -1.2261346360755432E-01 a       402     0    27     1    12
  5.7554571365969986E-01 a       403     0    27     1    13
 -3.1424529285554781E-01 a       404     0    27     1    14
 -3.8923567595897646E-01 a       405     0    27     1    15
 -3.9706023641855676E-01 a       406     0    28     1     1
  1.2784459182340022E-01 a       407     0    28     1     2
 -1.0434409568280612E-01 a       408     0    28     1     3
 -6.8387632250386954E-01 a       409     0    28     1     4
  2.2511007679464493E-01 a       410     0    28     1     5
 -1.4076958383000476E-01 a       411     0    28     1     6
  4.4577451290188075E-01 a       412     0    28     1     7
 -5.7687187705307522E-02 a       413     0    28     1     8
 -2.1511190132836924E-01 a       414     0    28     1     9
  2.4595488321751893E-01 a       415     0    28     1    10
  2.6990293990158210E-01 a       416     0    28     1    11
 -2.4656117683032885E-01 a       417     0    28     1    12
 -1.3646855096602981E-01 a       418     0    28     1    13
 -1.9059667142260728E-01 a       419     0    28     1    14
 -1.0007693510266571E+00 a       420     0    28     1    15
 -6.6167474998037623E-01 a       421     0    29     1     1
  1.7868878274278316E-01 a       422     0    29     1     2
  1.9516851012608710E-01 a       423     0    29     1     3
 -6.8898683047511388E-03 a       424     0    29     1     4
 -8.1209452968786100E-01 a       425     0    29     1     5
 -8.0111636459518770E-02 a       426     0    29     1     6
 -8.6561778830496094E-01 a       427     0    29     1     7
  1.8883170831376209E-01 a       428     0    29     1     8
 -2.0559302543202769E+00 a       429     0    29     1     9
  5.0825355478409773E-01 a       430     0    29     1    10
  1.1441081383399860E+00 a       431     0    29     1    11
  5.7897641854661619E-01 a       432     0    29     1    12
  2.7182887183675344E-03 a       433     0    29     1    13
  2.5052607962275092E-01 a       434     0    29     1    14
 -1.1128747044648475E+00 a       435     0    29     1    15
  4.0243730451144194E-01 a       436     0    30     1     1
 -5.9422924298487301E-01 a       437     0    30     1     2
  3.4575401625465230E-01 a       438     0    30     1     3
  4.1463353076459103E-01 a       439     0    30     1     4
  2.2151312403883952E-01 a       440     0    30     1     5
  1.2648669932957121E-01 a       441     0    30     1     6
 -5.4875994688109475E-01 a       442     0    30     1     7
  1.7334928774241440E-01 a       443     0    30     1     8
  3.9708754721700262E-01 a       444     0    30     1     9
 -9.2770788515368255E-02 a       445     0    30     1    10
 -4.0317860074257382E-02 a       446     0    30     1    11
 -8.2081532418237846E-01 a       447     0    30     1    12
 -7.0946214547186137E-01 a       448     0    30     1    13
  2.0821469634048548E-01 a       449     0    30     1    14
  3.9680583282259117E-03 a       450     0    30     1    15
 -8.5160970870476937E-01 a       451     0    31     1     1
 -1.2459689093540900E-01 a       452     0    31     1     2
 -1.1384139145578365E+00 a       453     0    31     1     3
  1.2072264172254026E+00 a       454     0    31     1     4
  3.0408044673163890E-03 a       455     0    31     1     5
  7.0136969298137719E-01 a       456     0    31     1     6
 -1.8441615591569487E+00 a       457     0    31     1     7
  9.9919108990436789E-01 a       458     0    31     1     8
  4.4295198059989632E-01 a       459     0    31     1     9
  1.5466191578957291E+00 a       460     0    31     1    10
  1.6105826238938534E-01 a       461     0    31     1    11
 -7.8171960676664598E-01 a       462     0    31     1    12
 -3.7492170442341499E-01 a       463     0    31     1    13
  6.6608554217519755E-01 a       464     0    31     1    14
 -3.8717465259182743E-01 a       465     0    31     1    15
 -1.9737996634453653E-01 a       466     0    32     1     1
 -2.6392998042048205E-01 a       467     0    32     1     2
  2.9745946933105005E-01 a       468     0    32     1     3
 -6.6271927336672409E-01 a       469     0    32     1     4
  7.4548739503855854E-01 a       470     0    32     1     5
  1.0734777040401406E+00 a       471     0    32     1     6
 -7.8188709926575739E-01 a       472     0    32     1     7
  7.5914348414906907E-01 a       473     0    32     1     8
  3.4924205501755934E-01 a       474     0    32     1     9
  1.0413299750687792E+00 a       475     0    32     1    10
 -1.6956351956473986E-01 a       476     0    32     1    11
  1.4873431484563929E-01 a       477     0    32     1    12
 -6.6330333251582707E-01 a       478     0    32     1    13
 -3.4885165120175926E-01 a       479     0    32     1    14
 -7.8018267420543366E-02 a       480     0    32     1    15
 -7.2970837613000739E-01 a       481     0    33     1     1
  1.2105741416557167E-01 a       482     0    33     1     2
 -6.6900949296117851E-01 a       483     0    33     1     3
 -6.7947395644808603E-02 a       484     0    33     1     4
  6.0011994566120541E-01 a       485     0    33     1     5
 -1.2994725164191961E-01 a       486     0    33     1     6
 -9.0798115414877673E-02 a       487     0    33     1     7
  2.9427681649969878E-01 a       488     0    33     1     8
  1.7732296236654022E-01 a       489     0    33     1     9
  7.2588726885952970E-01 a       490     0    33     1    10
 -3.2895186353916744E-01 a       491     0    33     1    11
  6.5151396574322529E-01 a       492     0    33     1    12
  3.6810964392814505E-01 a       493     0    33     1    13
  7.5267306250351773E-02 a       494     0    33     1    14
  1.8203319281482257E-02 a       495     0    33     1    15
 -2.0650339898594602E-01 a       496     0    34     1     1
 -1.6319102252704405E+00 a       497     0    34     1     2
 -3.8245398335911551E-01 a       498     0    34     1     3
  3.6333673195811217E-01 a       499     0    34     1     4
 -1.5359628432876429E-01 a       500     0    34     1     5
  4.5655930215494278E-01 a       501     0    34     1     6
 -4.7874405685586330E-01 a       502     0    34     1     7
 -1.0993607213439520E+00 a       503     0    34     1     8
 -1.2938122779821578E-03 a       504     0    34     1     9
  2.3693613328192636E-01 a       505     0    34     1    10
  5.4241307262257521E-01 a       506     0    34     1    11
 -8.2459165777113641E-01 a       507     0    34     1    12
 -4.1790814102499740E-01 a       508     0    34     1    13
  6.3312168960893339E-02 a       509     0    34     1    14
  4.8863785784086261E-01 a       510     0    34     1    15
  2.9710503809237615E-01 a       511     0    35     1     1
  1.1968215242506244E-01 a       512     0    35     1     2
  3.0179977003408032E-01 a       513     0    35     1     3
 -5.6193440484768964E-01 a       514     0    35     1     4
  3.0402598096475814E-01 a       515     0    35     1     5
 -4.5611340988504162E-01 a       516     0    35     1     6
 -1.2786154561295510E-01 a       517     0    35     1     7
  5.9298707062423139E-01 a       518     0    35     1     8
  3.0287056153749203E-01 a       519     0    35     1     9
 -1.2421581702105045E-01 a       520     0    35     1    10
  7.6103161246273998E-01 a       521     0    35     1    11
  3.3649711343500810E-01 a       522     0    35     1    12
  6.6051481052781047E-01 a       523     0    35     1    13
 -2.7045548182053469E-01 a       524     0    35     1    14
  3.9992151614479055E-01 a       525     0    35     1    15
 -7.3655401518819175E-01 a       526     0    36     1     1
 -5.8683468864322141E-01 a       527     0    36     1     2
  1.8526161541173683E-01 a       528     0    36     1     3
  1.2204768227381528E+00 a       529     0    36     1     4
  1.5866549467980266E-02 a       530     0    36     1     5
 -6.6738141319459354E-01 a       531     0    36     1     6
  3.8472980226635223E-01 a       532     0    36     1     7
 -7.9260457826764075E-01 a       533     0    36     1     8
 -4.7674782499116763E-01 a       534     0    36     1     9
 -8.1607862109374829E-01 a       535     0    36     1    10
  1.5291203015245145E+00 a       536     0    36     1    11
  2.1823644687331789E-01 a       537     0    36     1    12
  1.5777327369386171E-01 a       538     0    36     1    13
 -6.0518155197155643E-02 a       539     0    36     1    14
 -2.3639178090674468E-01 a       540     0    36     1    15
 -3.5625449304930273E-01 a       541     0    37     1     1
 -5.5521222143610061E-01 a       542     0    37     1     2
 -1.9991987199894709E-01 a       543     0    37     1     3
 -5.5693675499050155E-01 a       544     0    37     1     4
  3.1903342695544490E-01 a       545     0    37     1     5
  4.0510727037196476E-01 a       546     0    37     1     6
  7.4084890097091205E-01 a       547     0    37     1     7
  2.0136873898347160E-01 a       548     0    37     1     8
  8.7415259590920877E-02 a       549     0    37     1     9
 -2.8513988013998692E-02 a       550     0    37     1    10
  1.1338602244514695E-01 a       551     0    37     1    11
  5.9489675087334319E-02 a       552     0    37     1    12
 -2.8585627282134335E-01 a       553     0    37     1    13
  8.6238543785699684E-01 a       554     0    37     1    14
 -3.4348392352563289E-01 a       555     0    37     1    15
  7.9355407360646324E-01 a       556     0    38     1     1
  4.3713351487018431E-01 a       557     0    38     1     2
  3.7017582413018513E-01 a       558     0    38     1     3
 -3.0281123758025053E-01 a       559     0    38     1     4
  9.2961727322711329E-01 a       560     0    38     1     5
 -8.0682804537410135E-01 a       561     0    38     1     6
  3.0890549188879440E-01 a       562     0    38     1     7
 -9.0692817739217513E-01 a       563     0    38     1     8
 -1.0343513751041833E+00 a       564     0    38     1     9
  3.9002820311204023E-01 a       565     0    38     1    10
  1.1077409347500899E+00 a       566     0    38     1    11
 -1.3412967686837038E-01 a       567     0    38     1    12
 -5.5258834509139032E-01 a       568     0    38     1    13
  1.2705664702995248E-01 a       569     0    38     1    14
 -3.8843577089741826E-01 a       570     0    38     1    15
 -3.8513943547034252E-01 a       571     0    39     1     1
 -5.0801507561621974E-02 a       572     0    39     1     2
 -4.9202193827244739E-01 a       573     0    39     1     3
 -4.7431717582734839E-01 a       574     0    39     1     4
 -6.7539015871317082E-02 a       575     0    39     1     5
 -2.7768930691275201E-01 a       576     0    39     1     6
  1.1036678583525375E-01 a       577     0    39     1     7
 -7.8376224352109614E-02 a       578     0    39     1     8
 -6.6525330608694488E-01 a       579     0    39     1     9
  5.2085159212769672E-01 a       580     0    39     1    10
 -1.1953849599466256E-01 a       581     0    39     1    11
 -1.1869877218613220E-03 a       582     0    39     1    12
 -8.6449237849047300E-01 a       583     0    39     1    13
 -6.6370500046662409E-02 a       584     0    39     1    14
  3.3000523668619181E-01 a       585     0    39     1    15
  3.3493418803259750E-01 a       586     0    40     1     1
  1.3646920585371797E-01 a       587     0    40     1     2
  4.5830738466008442E-01 a       588     0    40     1     3
  6.5095025568337528E-01 a       589     0    40     1     4
  3.6413296154982339E-01 a       590     0    40     1     5
  1.1877873103377545E-01 a       591     0    40     1     6
 -6.9424303259340736E-01 a       592     0    40     1     7
  6.4235147225686373E-01 a       593     0    40     1     8
  6.3304521601045283E-01 a       594     0    40     1     9
 -7.1638723123380454E-01 a       595     0    40     1    10
  8.5757518205497554E-02 a       596     0    40     1    11
  3.0060034308949657E-01 a       597     0    40     1    12
  7.4401089153676525E-01 a       598     0    40     1    13
  2.0979393756117035E-01 a       599     0    40     1    14
  1.4092945199484561E-01 a       600     0    40     1    15
 -3.1036193263367304E-02 a       601     0    41     1     1
  9.6735730372792994E-01 a       602     0    41     1     2
 -3.6156616578043277E-01 a       603     0    41     1     3
  3.1876146551908791E-01 a       604     0    41     1     4
  8.0948371579775646E-01 a       605     0    41     1     5
  3.4299821691046152E-02 a       606     0    41     1     6
  7.2212112499364822E-02 a       607     0    41     1     7
  3.2109020512733338E-01 a       608     0    41     1     8
  1.2940481448446388E+00 a       609     0    41     1     9
  1.0613561197628883E-02 a       610     0    41     1    10
  2.3837851179010341E-01 a       611     0    41     1    11
 -1.2176468671264391E-01 a       612     0    41     1    12
  4.1458107545520415E-02 a       613     0    41     1    13
 -5.5564463568946854E-01 a       614     0    41     1    14
  4.8513278318536518E-01 a       615     0    41     1    15
  6.8630865498017612E-02 a       616     0    42     1     1
  1.6216746139809443E-01 a       617     0    42     1     2
  1.0592369995088463E-01 a       618     0    42     1     3
 -8.1079699834398700E-01 a       619     0    42     1     4
 -1.2976771985299265E+00 a       620     0    42     1     5
  8.4607058503429600E-01 a       621     0    42     1     6
  1.1265534896773144E+00 a       622     0    42     1     7
  5.8175523359639569E-01 a       623     0    42     1     8
 -4.5856080309906407E-02 a       624     0    42     1     9
 -3.2359242873463190E-01 a       625     0    42     1    10
 -1.2012683456330923E-01 a       626     0    42     1    11
 -9.4473585394627982E-02 a       627     0    42     1    12
 -7.5744035554488764E-01 a       628     0    42     1    13
  1.5409993496767044E-01 a       629     0    42     1    14
  2.4190553048729788E-01 a       630     0    42     1    15
 -5.8626299751756628E-01 a       631     0    43     1     1
 -1.4444341105966054E+00 a       632     0    43     1     2
  7.4520815836809928E-01 a       633     0    43     1     3
 -9.9797261049879216E-01 a       634     0    43     1     4
 -4.7208418183272643E-01 a       635     0    43     1     5
  7.1672984279369389E-01 a       636     0    43     1     6
 -1.0846359375834549E+00 a       637     0    43     1     7
  1.9113810436022186E-01 a       638     0    43     1     8
  7.5650654616682222E-01 a       639     0    43     1     9
  4.6539767718722136E-01 a       640     0    43     1    10
  3.7376175100361758E-01 a       641     0    43     1    11
  1.0495430417424270E+00 a       642     0    43     1    12
  6.1711667252791613E-01 a       643     0    43     1    13
 -1.0683075139986956E-01 a       644     0    43     1    14
 -1.0695268455764607E-01 a       645     0    43     1    15
 -6.8676219049724874E-02 a       646     0    44     1     1
  5.9242295345451035E-01 a       647     0    44     1     2
 -2.1989189147893437E-01 a       648     0    44     1     3
  1.0489382320999589E-01 a       649     0    44     1     4
 -1.7628398404453435E-01 a       650     0    44     1     5
 -4.4724216869538641E-01 a       651     0    44     1     6
 -3.3399920066833379E-02 a       652     0    44     1     7
 -9.9774652664467389E-01 a       653     0    44     1     8
  1.0203011625402463E+00 a       654     0    44     1     9
 -4.0438863495123356E-01 a       655     0    44     1    10
  1.2024006911649396E-01 a       656     0    44     1    11
 -2.4544197763418169E-01 a       657     0    44     1    12
  4.4366485628152202E-01 a       658     0    44     1    13
  1.0696794695890044E-02 a       659     0    44     1    14
 -5.6072766631242654E-01 a       660     0    44     1    15
  1.8307597863617106E-01 a       661     0    45     1     1
 -6.5038438664143461E-01 a       662     0    45     1     2
 -2.3842468074894450E-02 a       663     0    45     1     3
 -6.6157422552432649E-02 a       664     0    45     1     4
  4.7567601320165448E-01 a       665     0    45     1     5
  2.7842061501846121E-01 a       666     0    45     1     6
  3.3806969771414475E-01 a       667     0    45     1     7
  3.3567751518731298E-01 a       668     0    45     1     8
 -7.4131478152702612E-01 a       669     0    45     1     9
  1.3200095580642973E-01 a       670     0    45     1    10
  7.1929717631460122E-01 a       671     0    45     1    11
 -1.9410219028247916E-01 a       672     0    45     1    12
 -5.3820152492889191E-02 a       673     0    45     1    13
 -5.9010453230424376E-01 a       674     0    45     1    14
 -1.0141272797996970E+00 a       675     0    45     1    15
  3.5002994620303146E-01 a       676     0    46     1     1
  2.1162803229415195E-01 a       677     0    46     1     2
  4.6702718374215457E-01 a       678     0    46     1     3
 -2.9866398420196300E-01 a       679     0    46     1     4
 -1.5432589967832325E-01 a       680     0    46     1     5
 -5.2413661084028118E-01 a       681     0    46     1     6
  6.8563346574338369E-01 a       682     0    46     1     7
  1.0858362584485384E-01 a       683     0    46     1     8
 -4.6658073353114948E-01 a       684     0    46     1     9
 -6.1029780112353282E-01 a       685     0    46     1    10
  7.7216721679853287E-02 a       686     0    46     1    11
  2.0898883922526590E-01 a       687     0    46     1    12
 -6.1969517093939164E-01 a       688     0    46     1    13
  7.8054181590153066E-02 a       689     0    46     1    14
 -3.4616772125402728E-01 a       690     0    46     1    15
 -1.2766378707175488E-01 a       691     0    47     1     1
 -9.2463576641897760E-01 a       692     0    47     1     2
 -4.7762984301558237E-01 a       693     0    47     1     3
  4.0131549692013657E-01 a       694     0    47     1     4
  6.5755234857768263E-01 a       695     0    47     1     5
  4.3241608907503132E-01 a       696     0    47     1     6
  1.9699186506308325E-01 a       697     0    47     1     7
 -4.0090084044590363E-01 a       698     0    47     1     8
 -1.6230373912754781E-01 a       699     0    47     1     9
 -1.2263799691313700E-02 a       700     0    47     1    10
 -5.2707866746613175E-01 a       701     0    47     1    11
 -2.8868091889572434E-01 a       702     0    47     1    12
 -1.0807365174297996E-01 a       703     0    47     1    13
  6.1631401146109788E-01 a       704     0    47     1    14
  2.7879304101124547E-01 a       705     0    47     1    15
  2.7000378235851288E-02 a       706     0    48     1     1
 -2.1189393577475765E-01 a       707     0    48     1     2
 -3.3943477917813053E-01 a       708     0    48     1     3
 -5.3837602368735793E-01 a       709     0    48     1     4
  5.3746448813021908E-01 a       710     0    48     1     5
  1.8528606844998682E-01 a       711     0    48     1     6
 -3.2412695644594713E-01 a       712     0    48     1     7
  4.1801782357230266E-01 a       713     0    48     1     8
  2.8974828596794632E-02 a       714     0    48     1     9
  3.2700215488882278E-01 a       715     0    48     1    10
 -4.3832956578954935E-01 a       716     0    48     1    11
 -2.7684342276634860E-01 a       717     0    48     1    12
 -4.5754837236238122E-01 a       718     0    48     1    13
  1.2253635338423219E-01 a       719     0    48     1    14
  6.1410928107938212E-01 a       720     0    48     1    15
 -2.6953228424292153E-01 a       721     0    49     1     1
 -1.1438852987077552E+00 a       722     0    49     1     2
 -9.2906878257451544E-02 a       723     0    49     1     3
  1.6980903216599649E-01 a       724     0    49     1     4
  4.0826093525693186E-01 a       725     0    49     1     5
 -3.2324315546150012E-01 a       726     0    49     1     6
 -4.3333119926311692E-01 a       727     0    49     1     7
  3.5366843018292399E-01 a       728     0    49     1     8
  3.3411833349491014E-02 a       729     0    49     1     9
  4.9510162444142986E-01 a       730     0    49     1    10
 -2.4054552238530254E-02 a       731     0    49     1    11
  6.4150280021729567E-01 a       732     0    49     1    12
  6.7035332953007087E-01 a       733     0    49     1    13
 -4.7484942743806291E-01 a       734     0    49     1    14
 -8.1123311193364855E-01 a       735     0    49     1    15
  7.6054700981376441E-02 a       736     0    50     1     1
 -5.8878885579046047E-01 a       737     0    50     1     2
 -4.8373915991329475E-01 a       738     0    50     1     3
 -8.8414381623221860E-01 a       739     0    50     1     4
 -7.7734705568148144E-01 a       740     0    50     1     5
  2.9136744920214414E-02 a       741     0    50     1     6
 -5.9687105680514541E-01 a       742     0    50     1     7
 -5.7273512438893182E-01 a       743     0    50     1     8
 -6.2933841310935823E-01 a       744     0    50     1     9
 -3.4675142125584796E-01 a       745     0    50     1    10
 -3.8608665522155994E-01 a       746     0    50     1    11
  5.5725738026303311E-02 a       747     0    50     1    12
  4.5358723517913813E-01 a       748     0    50     1    13
 -3.0725896949263276E-01 a       749     0    50     1    14
 -1.9731502672609544E-01 a       750     0    50     1    15
  2.4699125448890297E-01 a       751     0    51     1     1
 -3.4543746445767132E-01 a       752     0    51     1     2
  8.3436609322511135E-01 a       753     0    51     1     3
  4.1105495485004967E-01 a       754     0    51     1     4
 -2.0840882825009860E-01 a       755     0    51     1     5
 -1.5038566097183256E-01 a       756     0    51     1     6
 -1.7679814232721966E-01 a       757     0    51     1     7
 -5.7825015732858243E-01 a       758     0    51     1     8
  1.0108819845493637E+00 a       759     0    51     1     9
 -3.5467211384006070E-01 a       760     0    51     1    10
 -2.7530220518971887E-01 a       761     0    51     1    11
 -8.1031550700012112E-02 a       762     0    51     1    12
  2.4853292765695639E-01 a       763     0    51     1    13
  3.0386876407526353E-01 a       764     0    51     1    14
  8.8813009264399267E-01 a       765     0    51     1    15
 -7.5072532007276718E-02 a       766     0    52     1     1
  1.8176134994865908E-01 a       767     0    52     1     2
  3.4451460422608138E-01 a       768     0    52     1     3
 -2.3138578523198494E-01 a       769     0    52     1     4
  1.7843344946148507E-01 a       770     0    52     1     5
 -5.0199669956329102E-03 a       771     0    52     1     6
 -1.1619198409538234E-01 a       772     0    52     1     7
  1.8170455284577328E-01 a       773     0    52     1     8
 -1.0568841694701625E-01 a       774     0    52     1     9
  3.2220067891476367E-01 a       775     0    52     1    10
 -5.0659136340859068E-01 a       776     0    52     1    11
 -1.2899968076007257E-01 a       777     0    52     1    12
  6.9975291361764586E-02 a       778     0    52     1    13
 -2.0878972546030262E-02 a       779     0    52     1    14
  3.6987958761832462E-01 a       780     0    52     1    15
  1.4685628217099766E-02 a       781     0    53     1     1
  8.3964230030936740E-02 a       782     0    53     1     2
  2.8287861177475604E-01 a       783     0    53     1     3
  6.7234467852691160E-02 a       784     0    53     1     4
  1.8918546471946660E-01 a       785     0    53     1     5
  1.8839570222741850E-01 a       786     0    53     1     6
  1.9160956593426806E-01 a       787     0    53     1     7
  2.3669273558038446E-02 a       788     0    53     1     8
 -2.3900112497995446E-01 a       789     0    53     1     9
  1.0314845570708926E-02 a       790     0    53     1    10
 -4.0397746375274307E-01 a       791     0    53     1    11
  6.7184863708030687E-02 a       792     0    53     1    12
 -3.9682607931318309E-01 a       793     0    53     1    13
  3.8471797037937200E-01 a       794     0    53     1    14
  1.3873612014270018E-01 a       795     0    53     1    15
 -1.2271039237586757E-01 a       796     0    54     1     1
  4.1452933425061123E-01 a       797     0    54     1     2
  2.0417915292785468E-01 a       798     0    54     1     3
  2.0663386418468660E-01 a       799     0    54     1     4
  2.0687956023021206E-01 a       800     0    54     1     5
 -1.7148289014061011E-01 a       801     0    54     1     6
 -1.2604128403136194E-01 a       802     0    54     1     7
  1.4090621987696383E-01 a       803     0    54     1     8
 -6.1986057336079770E-01 a       804     0    54     1     9
  1.5655910674105530E-01 a       805     0    54     1    10
 -1.4094833045355887E-01 a       806     0    54     1    11
  1.1496305352073981E-01 a       807     0    54     1    12
  5.0537479735458612E-01 a       808     0    54     1    13
 -1.0700004624400097E-01 a       809     0    54     1    14
 -4.1933054380881712E-01 a       810     0    54     1    15
  2.9295776154927833E-01 a       811     0    55     1     1
  1.3530428782393371E-02 a       812     0    55     1     2
 -7.6239691314394242E-01 a       813     0    55     1     3
  8.4993443639910238E-02 a       814     0    55     1     4
 -8.9873787433279048E-02 a       815     0    55     1     5
 -1.8722308590636316E-01 a       816     0    55     1     6
  3.0793954957077235E-01 a       817     0    55     1     7
  8.2329395118057841E-02 a       818     0    55     1     8
 -1.1366961208184818E-01 a       819     0    55     1     9
 -1.1058509812139709E-01 a       820     0    55     1    10
  4.7223264475076167E-03 a       821     0    55     1    11
 -5.7008234920848877E-01 a       822     0    55     1    12
  2.9406333952956859E-01 a       823     0    55     1    13
 -2.2669726620693493E-03 a       824     0    55     1    14
 -2.0755141403524813E-01 a       825     0    55     1    15
  5.3242793773373404E-02 a       826     0    56     1     1
 -7.7176872094236382E-01 a       827     0    56     1     2
 -1.6449870092885044E-01 a       828     0    56     1     3
 -3.5495927746924494E-01 a       829     0    56     1     4
 -9.7806721823154960E-02 a       830     0    56     1     5
 -5.9414745325045322E-02 a       831     0    56     1     6
  9.8648490672462652E-01 a       832     0    56     1     7
  3.0852952371277248E-01 a       833     0    56     1     8
 -8.7635234231393266E-01 a       834     0    56     1     9
  3.6939277609367722E-02 a       835     0    56     1    10
 -8.0928095655111845E-02 a       836     0    56     1    11
  1.1067619357642354E-01 a       837     0    56     1    12
  9.9953097371082947E-02 a       838     0    56     1    13
 -4.4957284760717989E-02 a       839     0    56     1    14
 -2.8428922069915957E-01 a       840     0    56     1    15
 -7.2903008628245003E-02 a       841     0    57     1     1
  2.7090193526434336E-01 a       842     0    57     1     2
  2.2940221133124689E-01 a       843     0    57     1     3
  3.8002810455769101E-02 a       844     0    57     1     4
 -1.0401140474309217E-01 a       845     0    57     1     5
 -6.9926494373490161E-02 a       846     0    57     1     6
 -6.5332084151676062E-01 a       847     0    57     1     7
 -2.1750924531935995E-01 a       848     0    57     1     8
  1.1083961480861022E-01 a       849     0    57     1     9
  8.0311112530682488E-02 a       850     0    57     1    10
 -1.2829910118315177E-01 a       851     0    57     1    11
  4.3743882353137316E-02 a       852     0    57     1    12
 -2.6378464654276518E-01 a       853     0    57     1    13
  1.9423269132217238E-01 a       854     0    57     1    14
  4.7226598133662956E-01 a       855     0    57     1    15
 -2.7789746570013280E-01 a       856     0    58     1     1
  9.5617904949554844E-01 a       857     0    58     1     2
 -5.3180038831640941E-01 a       858     0    58     1     3
  2.3038406237531212E-01 a       859     0    58     1     4
  1.6558674428854964E-01 a       860     0    58     1     5
 -2.5977736190940282E-01 a       861     0    58     1     6
  2.8467381894040622E-01 a       862     0    58     1     7
 -2.5432087134078690E-01 a       863     0    58     1     8
  4.2958870332406784E-01 a       864     0    58     1     9
  3.3915965074450627E-01 a       865     0    58     1    10
 -1.6468251537668901E-01 a       866     0    58     1    11
  1.3560049878013400E-01 a       867     0    58     1    12
 -5.4020443922251349E-01 a       868     0    58     1    13
 -2.2137201624856323E-01 a       869     0    58     1    14
  4.0553214676163757E-01 a       870     0    58     1    15
  6.4675098561174970E-03 a       871     0    59     1     1
  5.0936516152741751E-01 a       872     0    59     1     2
  4.2588444539338788E-01 a       873     0    59     1     3
 -5.1188347907159988E-02 a       874     0    59     1     4
 -2.4083547732392713E-01 a       875     0    59     1     5
 -3.0628895149477037E-01 a       876     0    59     1     6
  5.6147495632912270E-02 a       877     0    59     1     7
  5.5446228233596284E-01 a       878     0    59     1     8
 -1.0415758407078241E-01 a       879     0    59     1     9
  3.8609735532879129E-02 a       880     0    59     1    10
  3.7396124724556301E-01 a       881     0    59     1    11
  1.4847926239615178E-01 a       882     0    59     1    12
  1.6415457973993222E-01 a       883     0    59     1    13
 -4.9129874610282925E-01 a       884     0    59     1    14
 -4.9929726084073678E-01 a       885     0    59     1    15
  1.3783257785133878E-02 a       886     0    60     1     1
  2.7212940186304019E-01 a       887     0    60     1     2
 -1.3702934404456124E-01 a       888     0    60     1     3
  1.9095406861207498E-01 a       889     0    60     1     4
 -1.4376526319445007E-01 a       890     0    60     1     5
 -8.6301648332765449E-02 a       891     0    60     1     6
  4.6570572677183081E-01 a       892     0    60     1     7
 -1.0317317874227611E-01 a       893     0    60     1     8
  4.2204881288141233E-01 a       894     0    60     1     9
 -4.7659537128792881E-02 a       895     0    60     1    10
  1.4638285492009739E-01 a       896     0    60     1    11
  8.5862400781444276E-02 a       897     0    60     1    12
  2.1177813741267215E-01 a       898     0    60     1    13
 -6.9912590846784861E-02 a       899     0    60     1    14
 -6.7356451591879321E-02 a       900     0    60     1    15
  8.4396645439231088E-02 a       901     0    61     1     1
  1.5503734420282973E+00 a       902     0    61     1     2
 -1.2558153750261605E-01 a       903     0    61     1     3
  5.9328557689999811E-02 a       904     0    61     1     4
 -2.0259301840550201E-01 a       905     0    61     1     5
  1.5736840279436427E-02 a       906     0    61     1     6
  2.9745233586495303E-02 a       907     0    61     1     7
 -2.6086731565243598E-01 a       908     0    61     1     8
  1.2433703790722923E-01 a       909     0    61     1     9
 -1.2142381696895782E-01 a       910     0    61     1    10
 -3.5122623743610304E-02 a       911     0    61     1    11
 -2.3883667046314272E-01 a       912     0    61     1    12
 -2.9552166382111911E-01 a       913     0    61     1    13
  7.3238403376702635E-02 a       914     0    61     1    14
  5.2134789445153729E-01 a       915     0    61     1    15
 -1.7031653880351588E-01 a       916     0    62     1     1
 -9.6638450696647116E-02 a       917     0    62     1     2
  4.6731719583167336E-01 a       918     0    62     1     3
  3.7519625418209102E-01 a       919     0    62     1     4
  4.8791337369087151E-01 a       920     0    62     1     5
 -1.1258556731542473E-01 a       921     0    62     1     6
 -1.0152472643767856E-01 a       922     0    62     1     7
  2.7611647258856026E-01 a       923     0    62     1     8
  3.9153077075004600E-01 a       924     0    62     1     9
  1.6734400057817114E-01 a       925     0    62     1    10
  4.6897095044137194E-01 a       926     0    62     1    11
 -3.6103182401088244E-02 a       927     0    62     1    12
 -1.1054598401407763E-01 a       928     0    62     1    13
  1.4964921089040142E-01 a       929     0    62     1    14
  1.4355318352705745E-01 a       930     0    62     1    15
 -4.2231297536003014E-02 a       931     0    63     1     1
  6.9456540105920794E-01 a       932     0    63     1     2
 -3.2801983833726706E-01 a       933     0    63     1     3
 -1.8510355092694575E-01 a       934     0    63     1     4
  4.4237106933042558E-02 a       935     0    63     1     5
  3.0012671513977613E-03 a       936     0    63     1     6
  3.7318153098108614E-01 a       937     0    63     1     7
  1.4564262806669470E-01 a       938     0    63     1     8
  2.0487011420169669E-02 a       939     0    63     1     9
  1.4129220107478474E-02 a       940     0    63     1    10
  3.1157076356122183E-02 a       941     0    63     1    11
 -5.6645772974773731E-02 a       942     0    63     1    12
  5.4296397360515461E-02 a       943     0    63     1    13
 -1.0564802963472082E-01 a       944     0    63     1    14
 -6.0925086869740730E-01 a       945     0    63     1    15
 -1.5795154244554199E-02 a       946     0    64     1     1
  6.5374073620177464E-01 a       947     0    64     1     2
 -3.8695499064585648E-01 a       948     0    64     1     3
  1.6772545405559128E-01 a       949     0    64     1     4
 -1.5305285682317429E-01 a       950     0    64     1     5
  6.9813806332599329E-02 a       951     0    64     1     6
  4.5690076732108603E-01 a       952     0    64     1     7
 -1.1470319534257767E-01 a       953     0    64     1     8
 -2.7932831913236849E-02 a       954     0    64     1     9
 -4.6478586165492372E-02 a       955     0    64     1    10
  3.9328200832043037E-01 a       956     0    64     1    11
  1.6146980325866514E-01 a       957     0    64     1    12
  2.8060357806439756E-01 a       958     0    64     1    13
 -9.5503495568288965E-02 a       959     0    64     1    14
 -5.4552857371828112E-01 a       960     0    64     1    15
  6.1562706547727997E-01 b       961     1     1
  5.7635321470509904E-01 b       962     1     2
 -4.9339211865453836E-01 b       963     1     3
 -5.1140894084611055E-01 b       964     1     4
  9.9415754430801029E-01 b       965     1     5
  9.2034329066607704E-02 b       966     1     6
  7.0243488037729940E-01 b       967     1     7
 -3.3654436460152631E-01 b       968     1     8
 -4.7625256659958043E-01 b       969     1     9
  1.0610948082699818E+00 b       970     1    10
 -3.4763298254236313E-01 b       971     1    11
  3.3765931978180397E-01 b       972     1    12
 -6.0361602508562384E-01 b       973     1    13
  7.5291155363898843E-01 b       974     1    14
 -3.1262810877089109E-01 b       975     1    15
  2.3194846378173006E-01 a       976     1     1     2     1
 -2.2694663660015410E-01 a       977     1     1     2     2
  8.7910789335418793E-01 a       978     1     1     2     3
 -5.4558556191546748E-01 a       979     1     1     2     4
 -2.6689010173787947E-01 a       980     1     1     2     5
  2.8075113080953690E-01 a       981     1     1     2     6
 -1.0882714377546416E+00 a       982     1     1     2     7
 -2.1931328816096707E-01 a       983     1     1     2     8
 -1.8228360261635601E+00 a       984     1     1     2     9
  3.8136617679527207E-01 a       985     1     1     2    10
 -5.1962785272004208E-01 a       986     1     1     2    11
 -4.6793863501927419E-01 a       987     1     1     2    12
  4.4690332829898682E-01 a       988     1     1     2    13
 -2.0099561450282286E-01 a       989     1     1     2    14
  1.6388936970039181E+00 a       990     1     1     2    15
  8.1422534037982386E-02 a       991     1     2     2     1
 -2.4932202412469218E-01 a       992     1     2     2     2
 -7.6658248557039643E-01 a       993     1     2     2     3
  1.5799390910578661E-02 a       994     1     2     2     4
  2.4565359667859119E-01 a       995     1     2     2     5
 -5.0957094696061900E-01 a       996     1     2     2     6
 -3.7461737142240581E-01 a       997     1     2     2     7
  3.1589968452763961E-01 a       998     1     2     2     8
 -7.5497461042886382E-01 a       999     1     2     2     9
  5.2869034521440839E-01 a      1000     1     2     2    10
  2.2325511174260254E-01 a      1001     1     2     2    11
  1.8003881688410744E-01 a      1002     1     2     2    12
 -6.0579284505423503E-01 a      1003     1     2     2    13
  3.0298213418741160E-01 a      1004     1     2     2    14
 -8.7071394108346756E-01 a      1005     1     2     2    15
 -7.7772091895923812E-01 a      1006     1     3     2     1
  4.9509299681084745E-01 a      1007     1     3     2     2
 -6.6753835591524957E-01 a      1008     1     3     2     3
 -3.9380235559320764E-01 a      1009     1     3     2     4
 -1.5148935355256498E-02 a      1010     1     3     2     5
  1.2178886376224463E+00 a      1011     1     3     2     6
 -3.3183716833864535E-01 a      1012     1     3     2     7
  2.0944062061615110E-01 a      1013     1     3     2     8
  9.0994861485823794E-02 a      1014     1     3     2     9
  3.3485851574237047E-01 a      1015     1     3     2    10
  1.0338839310247609E+00 a      1016     1     3     2    11
  1.5456595562500051E+00 a      1017     1     3     2    12
 -8.7068679285739825E-01 a      1018     1     3     2    13
  2.6455398525289425E-01 a      1019     1     3     2    14
  7.6651258035140879E-01 a      1020     1     3     2    15
  3.1440688765265867E-01 a      1021     1     4     2     1
  1.0523292705488156E-01 a      1022     1     4     2     2
 -2.9413622659193467E-01 a      1023     1     4     2     3
 -5.3785732859013058E-01 a      1024     1     4     2     4
  3.2807457998061751E-01 a      1025     1     4     2     5
 -3.2077192228107948E-01 a      1026     1     4     2     6
  6.5725652622222119E-01 a      1027     1     4     2     7
 -9.7815087322449035E-01 a      1028     1     4     2     8
 -1.9321276092709270E+00 a      1029     1     4     2     9
 -1.4251093725524500E+00 a      1030     1     4     2    10
 -7.0367471937327442E-01 a      1031     1     4     2    11
 -1.5722781766943092E-01 a      1032     1     4     2    12
  7.6635727615254431E-02 a      1033     1     4     2    13
 -7.9715266432445464E-01 a      1034     1     4     2    14
 -2.9521337002078585E-01 a      1035     1     4     2    15
 -1.9681310746347619E-01 a      1036     1     5     2     1
  2.5741349697515910E-02 a      1037     1     5     2     2
 -9.0800835640435129E-01 a      1038     1     5     2     3
  4.8859300135687589E-01 a      1039     1     5     2     4
  9.0039362161679970E-01 a      1040     1     5     2     5
  3.7799833036911790E-01 a      1041     1     5     2     6
  3.4155177216187538E-01 a      1042     1     5     2     7
  1.3867258474651842E-01 a      1043     1     5     2     8
  1.8776867244944087E-01 a      1044     1     5     2     9
  3.6213931125024246E-01 a      1045     1     5     2    10
 -3.0655758929360905E-01 a      1046     1     5     2    11
 -1.0712746004092842E-01 a      1047     1     5     2    12
 -4.1074710160292721E-01 a      1048     1     5     2    13
 -4.8400544056859152E-01 a      1049     1     5     2    14
  4.8832392131636088E-01 a      1050     1     5     2    15
 -2.4258281237993343E-01 a      1051     1     6     2     1
  7.0189239131265369E-01 a      1052     1     6     2     2
  4.2645568090107877E-01 a      1053     1     6     2     3
 -2.0037929772134869E-01 a      1054     1     6     2     4
  1.2459317390314051E+00 a      1055     1     6     2     5
  5.1822500199988442E-01 a      1056     1     6     2     6
  8.2970872213031699E-01 a      1057     1     6     2     7
 -1.1563364622089571E+00 a      1058     1     6     2     8
 -1.7991633943267169E+00 a      1059     1     6     2     9
  7.5016641571774523E-01 a      1060     1     6     2    10
  2.0681939278578831E-01 a      1061     1     6     2    11
  8.8097485605665427E-01 a      1062     1     6     2    12
  3.2491457562148673E-01 a      1063     1     6     2    13
 -2.0203553990431511E-01 a      1064     1     6     2    14
 -7.2929738322309839E-02 a      1065     1     6     2    15
 -3.0200612201925398E-02 a      1066     1     7     2     1
  2.3138302427099658E-01 a      1067     1     7     2     2
  8.1071650340955662E-02 a      1068     1     7     2     3
 -9.5064359362009604E-02 a      1069     1     7     2     4
 -2.1969020673762510E-01 a      1070     1     7     2     5
  5.5506633687240281E-01 a      1071     1     7     2     6
 -5.8328937495479216E-01 a      1072     1     7     2     7
 -3.4284968531471888E-01 a      1073     1     7     2     8
  3.3036626115430662E-01 a      1074     1     7     2     9
  8.7770663761964907E-01 a      1075     1     7     2    10
 -2.0841872748204673E-01 a      1076     1     7     2    11
 -2.6190856551271419E-01 a      1077     1     7     2    12
  1.7400709745164220E-01 a      1078     1     7     2    13
 -2.8701144105459275E-02 a      1079     1     7     2    14
  6.5431478269677534E-01 a      1080     1     7     2    15
  4.1688386739379729E-01 a      1081     1     8     2     1
 -8.7435162344151796E-01 a      1082     1     8     2     2
 -1.0054832419754345E+00 a      1083     1     8     2     3
  9.9982419777804110E-01 a      1084     1     8     2     4
 -2.7743940960282937E-01 a      1085     1     8     2     5
  5.3127288620345346E-02 a      1086     1     8     2     6
 -6.2018858180787617E-01 a      1087     1     8     2     7
  2.1490576788265665E+00 a      1088     1     8     2     8
  1.4540761944062436E-01 a      1089     1     8     2     9
 -5.3816213671875647E-02 a      1090     1     8     2    10
 -4.6366009978588846E-01 a      1091     1     8     2    11
 -3.0935085835696770E-02 a      1092     1     8     2    12
 -1.0159382066998879E+00 a      1093     1     8     2    13
 -7.6551650175128271E-04 a      1094     1     8     2    14
  1.0599709300429616E+00 a      1095     1     8     2    15
  4.2744740798397385E-01 a      1096     1     9     2     1
  3.7068232155863889E-01 a      1097     1     9     2     2
 -2.5365960325338793E-01 a      1098     1     9     2     3
 -4.0658292826499370E-01 a      1099     1     9     2     4
 -1.0662015403972627E+00 a      1100     1     9     2     5
  3.2226179433511143E-01 a      1101     1     9     2     6
  5.1382479307410123E-01 a      1102     1     9     2     7
  2.8700771114307266E-01 a      1103     1     9     2     8
 -2.0415850125685626E+00 a      1104     1     9     2     9
 -2.0323797174780281E-01 a      1105     1     9     2    10
 -2.5959826191831437E-01 a      1106     1     9     2    11
  8.0877973499084621E-01 a      1107     1     9     2    12
 -3.7068228779319401E-01 a      1108     1     9     2    13
  2.5423434796479194E-01 a      1109     1     9     2    14
  3.7579300100290763E-01 a      1110     1     9     2    15
 -8.7208975009968737E-01 a      1111     1    10     2     1
  1.5886004328696557E+00 a      1112     1    10     2     2
 -5.9044391095272331E-01 a      1113     1    10     2     3
 -6.9396511834027608E-01 a      1114     1    10     2     4
  5.5410097597570851E-01 a      1115     1    10     2     5
 -1.8774501152761466E-01 a      1116     1    10     2     6
 -2.6563856306692313E+00 a      1117     1    10     2     7
 -2.0052723225922886E-01 a      1118     1    10     2     8
  1.5237479378349110E+00 a      1119     1    10     2     9
  1.7008045929502911E+00 a      1120     1    10     2    10
  1.4469173748752842E+00 a      1121     1    10     2    11
  1.8042898202902282E+00 a      1122     1    10     2    12
 -9.5969155734141010E-01 a      1123     1    10     2    13
  1.0102476996317304E+00 a      1124     1    10     2    14
  1.1089340698445777E-01 a      1125     1    10     2    15
  7.3734148354701891E-04 a      1126     1    11     2     1
 -4.6370310811324922E-01 a      1127     1    11     2     2
  1.6356182396121817E+00 a      1128     1    11     2     3
  1.7102843631907358E-01 a      1129     1    11     2     4
 -3.3153589371337872E-01 a      1130     1    11     2     5
  2.9920617440763070E-01 a      1131     1    11     2     6
 -4.0432906463853752E-01 a      1132     1    11     2     7
  1.2357376077353324E+00 a      1133     1    11     2     8
  6.2843344005790702E-01 a      1134     1    11     2     9
 -9.9584940194225346E-01 a      1135     1    11     2    10
 -8.6613171215139884E-01 a      1136     1    11     2    11
 -1.3543971522104099E+00 a      1137     1    11     2    12
  1.7003402352377431E-01 a      1138     1    11     2    13
  3.3968639739632051E-01 a      1139     1    11     2    14
  1.4255054503392965E+00 a      1140     1    11     2    15
  8.7684073025688447E-01 a      1141     1    12     2     1
  1.8850062891252839E-01 a      1142     1    12     2     2
  1.1399773871152366E+00 a      1143     1    12     2     3
  6.8677464700149488E-02 a      1144     1    12     2     4
  6.9058378569276790E-01 a      1145     1    12     2     5
 -5.2843888402988448E-01 a      1146     1    12     2     6
 -9.8941586646900948E-01 a      1147     1    12     2     7
  2.2772098732589646E-01 a      1148     1    12     2     8
  1.7135284967038600E-01 a      1149     1    12     2     9
  5.2654463242036820E-01 a      1150     1    12     2    10
 -3.4867569217047878E-01 a      1151     1    12     2    11
  4.5496704068989807E-01 a      1152     1    12     2    12
  2.3700472334069164E-01 a      1153     1    12     2    13
  3.2201213917143340E-01 a      1154     1    12     2    14
 -6.2652941609508472E-01 a      1155     1    12     2    15
  5.4194154877086353E-01 a      1156     1    13     2     1
  1.8711478030503537E-01 a      1157     1    13     2     2
  3.0663476193958661E-01 a      1158     1    13     2     3
 -5.7249797181203210E-01 a      1159     1    13     2     4
 -9.3532354021825914E-01 a      1160     1    13     2     5
 -4.9323129779131430E-01 a      1161     1    13     2     6
 -6.2973596497611095E-01 a      1162     1    13     2     7
  1.2151186447512398E-01 a      1163     1    13     2     8
 -1.7341845991096441E+00 a      1164     1    13     2     9
  1.2129423072840584E+00 a      1165     1    13     2    10
 -3.1581244124224028E-01 a      1166     1    13     2    11
  2.1028071391066805E-01 a      1167     1    13     2    12
 -3.7237262333890991E-01 a      1168     1    13     2    13
  6.3833296928007721E-01 a      1169     1    13     2    14
 -3.8063791653034301E-01 a      1170     1    13     2    15
 -5.8412252154736943E-01 a      1171     1    14     2     1
 -6.0147550886852841E-01 a      1172     1    14     2     2
  1.4674719887586591E+00 a      1173     1    14     2     3
  5.5771038744758961E-01 a      1174     1    14     2     4
 -1.3844229624631905E+00 a      1175     1    14     2     5
  8.9434109176011167E-01 a      1176     1    14     2     6
 -3.4397755579767617E+00 a      1177     1    14     2     7
  8.0717745043029443E-01 a      1178     1    14     2     8
  1.6909843996906429E-01 a      1179     1    14     2     9
  1.4463534810829903E+00 a      1180     1    14     2    10
  3.1751909255353100E-01 a      1181     1    14     2    11
 -7.2273827009506991E-02 a      1182     1    14     2    12
 -3.1910192693393752E-01 a      1183     1    14     2    13
  1.3482071298411171E+00 a      1184     1    14     2    14
  1.6180963564387638E+00 a      1185     1    14     2    15
 -6.9390486962634154E-02 a      1186     1    15     2     1
  5.4583649745762275E-01 a      1187     1    15     2     2
  3.7659226649653160E-01 a      1188     1    15     2     3
 -5.7696413167581950E-01 a      1189     1    15     2     4
  5.9920398965550503E-01 a      1190     1    15     2     5
  4.3460574169830213E-01 a      1191     1    15     2     6
 -2.9549908359697458E-01 a      1192     1    15     2     7
 -1.4095731607251460E+00 a      1193     1    15     2     8
 -4.6587948904030180E-01 a      1194     1    15     2     9
 -1.3338985583502396E+00 a      1195     1    15     2    10
  3.2468637496996866E-01 a      1196     1    15     2    11
  2.4447688196962383E-01 a      1197     1    15     2    12
  5.0388767622717923E-01 a      1198     1    15     2    13
 -4.1344136752245986E-01 a      1199     1    15     2    14
  7.9069609757183268E-01 a      1200     1    15     2    15
 -5.5562135324563215E-02 b      1201     2     1
  3.8500188389522283E-01 b      1202     2     2
 -1.6359093890241230E+00 b      1203     2     3
  5.5188773491657117E-01 b      1204     2     4
 -4.4490781769024546E-01 b      1205     2     5
 -6.4184034242072108E-01 b      1206     2     6
  1.8824023235883087E+00 b      1207     2     7
 -7.1852627404572253E-02 b      1208     2     8
 -9.4751598039727958E-01 b      1209     2     9
 -1.6683909791732772E+00 b      1210     2    10
  3.3313892576710796E-01 b      1211     2    11
 -1.1370286561959553E+00 b      1212     2    12
  1.1264576855150668E+00 b      1213     2    13
  7.7004203134579607E-01 b      1214     2    14
 -1.7649638346231740E+00 b      1215     2    15
  4.3526107481204207E-01 a      1216     2     1     3     1
  2.1785080311763336E-01 a      1217     2     2     3     1
  2.7223720834680187E-01 a      1218     2     3     3     1
  1.8974893926319888E-01 a      1219     2     4     3     1
 -4.3405321624513341E-02 a      1220     2     5     3     1
  1.5927931829411626E-01 a      1221     2     6     3     1
  7.1235522485418556E-01 a      1222     2     7     3     1
 -1.1477639731070725E-01 a      1223     2     8     3     1
  2.9522492383581611E-01 a      1224     2     9     3     1
  1.2987242776687102E-01 a      1225     2    10     3     1
  3.7458390082627108E-01 a      1226     2    11     3     1
 -1.9497049050095819E-01 a      1227     2    12     3     1
 -4.8133777964760815E-01 a      1228     2    13     3     1
 -9.4962996115522080E-01 a      1229     2    14     3     1
 -1.3421536668151454E-01 a      1230     2    15     3     1
  2.7177886627523751E-01 b      1231     3     1
