################################################################################
# Neural network connection values (weights and biases).
################################################################################
# Col  Name       Description
################################################################################
# 1    connection Neural network connection value.
# 2    t          Connection type (a = weight, b = bias).
# 3    index      Index enumerating weights.
# 4    l_s        Starting point layer (end point layer for biases).
# 5    n_s        Starting point neuron in starting layer (end point neuron for biases).
# 6    l_e        End point layer.
# 7    n_e        End point neuron in end layer.
################################################################################
#                      1 2         3     4     5     6     7
#             connection t     index   l_s   n_s   l_e   n_e
############################################################
  7.2158047022128669E-01 a         1     0     1     1     1
  6.1566452960193829E-01 a         2     0     1     1     2
  9.2812399450118876E-02 a         3     0     1     1     3
  1.4880327410201477E+00 a         4     0     1     1     4
 -6.4297526289016371E-01 a         5     0     1     1     5
  6.7330920205262476E-02 a         6     0     1     1     6
 -8.1020368804188037E-01 a         7     0     1     1     7
  3.2100396739788339E-01 a         8     0     1     1     8
  2.4095406523925395E-01 a         9     0     1     1     9
  6.7648420106656326E-01 a        10     0     1     1    10
 -7.4108818503214924E-01 a        11     0     1     1    11
 -9.0775537264708783E-01 a        12     0     1     1    12
 -2.9443487685477376E-01 a        13     0     1     1    13
  1.2057373516886954E-01 a        14     0     1     1    14
 -6.4397045338640968E-01 a        15     0     1     1    15
  1.4401635751302677E-01 a        16     0     2     1     1
  5.2732376366580391E-01 a        17     0     2     1     2
  5.1435007019322598E-01 a        18     0     2     1     3
 -6.9723302475190430E-01 a        19     0     2     1     4
 -1.0469941320680092E+00 a        20     0     2     1     5
 -1.4965410272839319E+00 a        21     0     2     1     6
  2.0179958850037134E+00 a        22     0     2     1     7
  4.2301917375459990E+00 a        23     0     2     1     8
  9.9345040901720705E-01 a        24     0     2     1     9
 -7.5075482657419723E-01 a        25     0     2     1    10
  4.2409240342320312E-02 a        26     0     2     1    11
  2.7965991500592008E-01 a        27     0     2     1    12
 -3.6043365905060236E+00 a        28     0     2     1    13
 -1.9480440113511450E+00 a        29     0     2     1    14
 -4.9925278871302750E+00 a        30     0     2     1    15
 -3.1200710485745442E-01 a        31     0     3     1     1
  8.8802415559447989E-01 a        32     0     3     1     2
 -5.5853875570042733E-01 a        33     0     3     1     3
 -4.7785119726295305E-01 a        34     0     3     1     4
  8.1572146100999388E-02 a        35     0     3     1     5
  6.4628439119634140E-01 a        36     0     3     1     6
 -2.7925707063126326E-01 a        37     0     3     1     7
  6.4617291300277505E-02 a        38     0     3     1     8
 -1.0473073451004090E-01 a        39     0     3     1     9
  3.9394884144631931E-01 a        40     0     3     1    10
 -3.5613303598741564E-01 a        41     0     3     1    11
 -7.3385345583509776E-01 a        42     0     3     1    12
  5.7868365983052183E-01 a        43     0     3     1    13
 -2.9747830989631208E-01 a        44     0     3     1    14
  6.6310461906761453E-01 a        45     0     3     1    15
  1.6451480921704762E+00 a        46     0     4     1     1
 -1.1491606200852433E+00 a        47     0     4     1     2
  2.4622795610600750E-02 a        48     0     4     1     3
 -1.1262230488392893E+00 a        49     0     4     1     4
 -4.4336017369597497E-01 a        50     0     4     1     5
  4.8269642776746204E-02 a        51     0     4     1     6
  1.1508533369181402E+00 a        52     0     4     1     7
 -1.9669710602544435E+00 a        53     0     4     1     8
  4.8390884644997251E-01 a        54     0     4     1     9
 -3.4891736576485627E-01 a        55     0     4     1    10
  1.2460160296959870E+00 a        56     0     4     1    11
  8.4242401769429029E-02 a        57     0     4     1    12
 -3.3760293314846517E+00 a        58     0     4     1    13
  5.4763752541060784E-01 a        59     0     4     1    14
  3.4396448028343354E+00 a        60     0     4     1    15
  5.5760106909405716E-01 a        61     0     5     1     1
 -4.5799471832077643E-01 a        62     0     5     1     2
 -1.0764362884145197E-01 a        63     0     5     1     3
 -1.3600875311387595E-01 a        64     0     5     1     4
  1.3729590303231140E-01 a        65     0     5     1     5
  3.8223851960462796E-01 a        66     0     5     1     6
  9.5666879783271819E-01 a        67     0     5     1     7
 -4.4475773626596694E-02 a        68     0     5     1     8
  6.3424353501402062E-02 a        69     0     5     1     9
 -1.1634322569442865E+00 a        70     0     5     1    10
  1.8258797440372207E-01 a        71     0     5     1    11
  5.1256750868004464E-01 a        72     0     5     1    12
 -4.3939350509637598E-01 a        73     0     5     1    13
  1.3410103139435606E-01 a        74     0     5     1    14
  8.7655388457673777E-01 a        75     0     5     1    15
  6.5372582838687476E-01 a        76     0     6     1     1
 -1.4892037842851966E+00 a        77     0     6     1     2
 -1.1403547209355682E+00 a        78     0     6     1     3
  9.7305535204832011E-02 a        79     0     6     1     4
  8.2608114080010697E-01 a        80     0     6     1     5
  1.0035852588633758E-01 a        81     0     6     1     6
 -1.2509998388874710E+00 a        82     0     6     1     7
 -4.6888249218336613E+00 a        83     0     6     1     8
 -8.6858110240950903E-01 a        84     0     6     1     9
  1.1329104034035893E+00 a        85     0     6     1    10
 -2.2319345522377335E-01 a        86     0     6     1    11
  7.3959891234077324E-01 a        87     0     6     1    12
 -1.7271906819305518E+00 a        88     0     6     1    13
  1.2989877204831197E+00 a        89     0     6     1    14
  4.9912984837012928E+00 a        90     0     6     1    15
 -6.6796070723880585E-01 a        91     0     7     1     1
 -3.1897885393262604E-01 a        92     0     7     1     2
  6.6075299203356253E-01 a        93     0     7     1     3
 -2.2947182495055413E-01 a        94     0     7     1     4
  6.2053172813918134E-01 a        95     0     7     1     5
 -1.1391068574796237E+00 a        96     0     7     1     6
 -1.6842698980496124E-01 a        97     0     7     1     7
  2.3005168634953543E-01 a        98     0     7     1     8
 -5.3453541505510638E-01 a        99     0     7     1     9
  1.2843037470298087E+00 a       100     0     7     1    10
 -4.8435598223715604E-01 a       101     0     7     1    11
  1.1538260647507723E+00 a       102     0     7     1    12
  7.1038894762412119E-01 a       103     0     7     1    13
  6.4778909072435742E-01 a       104     0     7     1    14
 -5.7482474734387690E-01 a       105     0     7     1    15
 -1.3466075812271396E+00 a       106     0     8     1     1
  9.5246762485095737E-01 a       107     0     8     1     2
 -7.4528439611326125E-01 a       108     0     8     1     3
  1.4646126012762384E+00 a       109     0     8     1     4
  2.6579872830309652E+00 a       110     0     8     1     5
 -3.2472223664913030E-01 a       111     0     8     1     6
  6.8037432317831070E-01 a       112     0     8     1     7
  2.9002147506173226E+00 a       113     0     8     1     8
 -7.5145431723929879E-01 a       114     0     8     1     9
  3.0703259037940227E+00 a       115     0     8     1    10
 -2.7730531184770379E+00 a       116     0     8     1    11
  4.9248856226665899E-01 a       117     0     8     1    12
  2.4367963013480374E+00 a       118     0     8     1    13
  1.8337027547843145E+00 a       119     0     8     1    14
 -4.5846005173938806E+00 a       120     0     8     1    15
 -8.8266684021088160E-01 a       121     0     9     1     1
  6.8532884078332368E-01 a       122     0     9     1     2
 -4.9028075248624370E-01 a       123     0     9     1     3
  6.4500474427246013E-01 a       124     0     9     1     4
 -1.1955345139399640E+00 a       125     0     9     1     5
 -7.7960189538007574E-01 a       126     0     9     1     6
 -1.1675330308915808E+00 a       127     0     9     1     7
  1.3427009694195884E+00 a       128     0     9     1     8
 -5.8419518256924130E-01 a       129     0     9     1     9
 -4.1253080468848780E-01 a       130     0     9     1    10
  2.5492985899066722E-01 a       131     0     9     1    11
  6.7215797619160500E-01 a       132     0     9     1    12
  1.5089786130604232E+00 a       133     0     9     1    13
  6.4321492726248009E-01 a       134     0     9     1    14
  7.4185716385654810E-01 a       135     0     9     1    15
 -2.0396611314193525E-01 a       136     0    10     1     1
  1.5187133744681902E+00 a       137     0    10     1     2
  3.1073140792128324E+00 a       138     0    10     1     3
 -1.8426634659825907E+00 a       139     0    10     1     4
 -2.9156328956429318E+00 a       140     0    10     1     5
  2.4583911648179599E+00 a       141     0    10     1     6
 -1.4872419217405268E+00 a       142     0    10     1     7
 -1.0784137950965131E+00 a       143     0    10     1     8
 -2.6990858543855367E-01 a       144     0    10     1     9
  1.2561041002810114E-01 a       145     0    10     1    10
  6.8554245965549820E-01 a       146     0    10     1    11
 -5.0020739008498771E-01 a       147     0    10     1    12
  2.8631715235266628E+00 a       148     0    10     1    13
 -1.5789427854445921E+00 a       149     0    10     1    14
  3.0136994676449986E+00 a       150     0    10     1    15
 -4.6153242964029417E-01 a       151     0    11     1     1
 -4.6051625156581921E-01 a       152     0    11     1     2
  6.2199440855488605E-02 a       153     0    11     1     3
 -1.8139076978626165E-01 a       154     0    11     1     4
 -6.7218990286433011E-01 a       155     0    11     1     5
 -2.6335561380734523E-01 a       156     0    11     1     6
  3.8624780371982204E-01 a       157     0    11     1     7
  8.6992487476350655E-01 a       158     0    11     1     8
  1.2946009013481422E-01 a       159     0    11     1     9
 -8.0490413892833435E-01 a       160     0    11     1    10
 -4.1365556131433595E-01 a       161     0    11     1    11
 -1.0490674276406113E+00 a       162     0    11     1    12
  6.4794162018361090E-01 a       163     0    11     1    13
 -3.6437758991303965E-01 a       164     0    11     1    14
 -2.2590880870834465E-01 a       165     0    11     1    15
  7.8082076447080961E-01 a       166     0    12     1     1
 -2.8357779962851399E+00 a       167     0    12     1     2
 -3.1505725492558367E+00 a       168     0    12     1     3
  1.3308232904752655E+00 a       169     0    12     1     4
  6.4264305161525082E-01 a       170     0    12     1     5
 -1.3330479717225758E+00 a       171     0    12     1     6
 -2.4291864337073715E-01 a       172     0    12     1     7
  1.8434353821613205E+00 a       173     0    12     1     8
  2.2011001788679514E+00 a       174     0    12     1     9
 -1.2819071231540879E+00 a       175     0    12     1    10
  3.6951502381693402E-01 a       176     0    12     1    11
  9.8428500502651117E-01 a       177     0    12     1    12
 -2.3063518332613092E-01 a       178     0    12     1    13
  7.1849747916480933E-01 a       179     0    12     1    14
 -3.3158539449817448E-01 a       180     0    12     1    15
  1.4272285189749190E-01 a       181     0    13     1     1
  4.2584588355390494E-02 a       182     0    13     1     2
  1.2396558022492832E-01 a       183     0    13     1     3
  1.9858083052132780E-01 a       184     0    13     1     4
  9.7949281348706937E-02 a       185     0    13     1     5
 -4.1519792065570001E-02 a       186     0    13     1     6
 -9.1283337149141319E-01 a       187     0    13     1     7
  1.5695046694108677E-01 a       188     0    13     1     8
  3.3360724013202936E-01 a       189     0    13     1     9
 -3.8029857354893765E-01 a       190     0    13     1    10
  4.9259531326877698E-01 a       191     0    13     1    11
  3.5054863672407004E-02 a       192     0    13     1    12
  2.4706481137406838E-01 a       193     0    13     1    13
  4.8025105166568227E-01 a       194     0    13     1    14
  2.3059504082623583E-01 a       195     0    13     1    15
 -2.0083472007234588E+00 a       196     0    14     1     1
  9.6889713453709614E-01 a       197     0    14     1     2
  7.3677127636572026E-01 a       198     0    14     1     3
  3.2298912442333932E-02 a       199     0    14     1     4
 -4.3922520392664116E-01 a       200     0    14     1     5
 -4.7475151384856040E-01 a       201     0    14     1     6
  2.7023670171377606E-01 a       202     0    14     1     7
 -3.8241081050975140E-01 a       203     0    14     1     8
 -2.7355536720618867E-01 a       204     0    14     1     9
  3.5851079306310424E-01 a       205     0    14     1    10
 -3.3246702446244569E-01 a       206     0    14     1    11
 -6.4280222945883503E-01 a       207     0    14     1    12
 -4.6824436284711385E-01 a       208     0    14     1    13
 -4.5308935198984090E-01 a       209     0    14     1    14
 -8.9376950345064266E-02 a       210     0    14     1    15
  3.6582948424462830E-01 a       211     0    15     1     1
  3.0801042632896614E-02 a       212     0    15     1     2
 -8.4961295156045336E-02 a       213     0    15     1     3
  6.0318715740571932E-02 a       214     0    15     1     4
 -5.6401968624344823E-02 a       215     0    15     1     5
  2.5507669783917886E-02 a       216     0    15     1     6
  2.9963214396442994E-01 a       217     0    15     1     7
 -8.6932823205626383E-02 a       218     0    15     1     8
 -1.1006709844832736E-01 a       219     0    15     1     9
  1.2260936728271350E-01 a       220     0    15     1    10
 -6.8298357476208063E-02 a       221     0    15     1    11
 -5.9053099244364433E-03 a       222     0    15     1    12
 -1.8712956148240184E-01 a       223     0    15     1    13
 -1.3507760007198275E-01 a       224     0    15     1    14
 -8.5621410349535132E-02 a       225     0    15     1    15
  1.2337012188316421E+00 a       226     0    16     1     1
 -1.4218007866635807E-01 a       227     0    16     1     2
 -2.3440335701070161E-01 a       228     0    16     1     3
 -8.4606253510767990E-02 a       229     0    16     1     4
  5.3952995540962709E-02 a       230     0    16     1     5
 -1.2298100840954411E-02 a       231     0    16     1     6
 -8.5828050484717089E-02 a       232     0    16     1     7
  6.3572240236823049E-02 a       233     0    16     1     8
 -2.2362929889321495E-01 a       234     0    16     1     9
  5.3469146905227811E-02 a       235     0    16     1    10
  3.0371016315989052E-01 a       236     0    16     1    11
 -6.9316712970478450E-02 a       237     0    16     1    12
 -1.2143238163377558E-01 a       238     0    16     1    13
  4.6638851292337843E-02 a       239     0    16     1    14
 -6.9461933759491822E-03 a       240     0    16     1    15
 -5.4530490233941031E-01 a       241     0    17     1     1
 -2.4272576476483390E-01 a       242     0    17     1     2
 -5.2785853944184030E-02 a       243     0    17     1     3
  5.2830476945539340E-01 a       244     0    17     1     4
 -1.3215363431208541E-01 a       245     0    17     1     5
 -5.4000986898478964E-01 a       246     0    17     1     6
  1.2119369614804554E-01 a       247     0    17     1     7
 -7.0166966910375203E-02 a       248     0    17     1     8
  1.7995140116245109E-01 a       249     0    17     1     9
  1.4454878696294682E-01 a       250     0    17     1    10
  5.5794297919881086E-01 a       251     0    17     1    11
 -3.7035783242526493E-01 a       252     0    17     1    12
 -6.0451851850228389E-01 a       253     0    17     1    13
 -5.7456678457679622E-01 a       254     0    17     1    14
  2.3274648589190683E-03 a       255     0    17     1    15
  4.7966915267075988E-01 a       256     0    18     1     1
 -5.8311245750469110E-01 a       257     0    18     1     2
  3.5912278740561099E-01 a       258     0    18     1     3
  1.8591874318984897E-01 a       259     0    18     1     4
 -3.4020389632918974E-01 a       260     0    18     1     5
  1.9150723056765614E-01 a       261     0    18     1     6
  7.8246845183162217E-01 a       262     0    18     1     7
  2.5305439563439941E-01 a       263     0    18     1     8
  7.0623651022383782E-01 a       264     0    18     1     9
 -8.2706194872520378E-01 a       265     0    18     1    10
 -4.0713479010488507E-01 a       266     0    18     1    11
  5.9940635790866348E-01 a       267     0    18     1    12
  8.7478057771609397E-01 a       268     0    18     1    13
 -4.1959364929397208E-01 a       269     0    18     1    14
 -2.5247325690011685E-01 a       270     0    18     1    15
  9.7641475462388971E-01 a       271     0    19     1     1
  6.9284632638687538E-01 a       272     0    19     1     2
 -9.4459760138769788E-01 a       273     0    19     1     3
 -7.4434899624442685E-01 a       274     0    19     1     4
 -5.1021313659883427E-01 a       275     0    19     1     5
 -2.0771167606058119E+00 a       276     0    19     1     6
  8.3362782788601619E-01 a       277     0    19     1     7
  7.0457626814290542E-01 a       278     0    19     1     8
  3.2726027756757525E+00 a       279     0    19     1     9
  7.8490146344002509E-01 a       280     0    19     1    10
 -3.7585788410549310E+00 a       281     0    19     1    11
  9.0930893523905032E-01 a       282     0    19     1    12
  2.3658908107331644E+00 a       283     0    19     1    13
 -6.8099011402028509E-01 a       284     0    19     1    14
  1.1878708822846589E+00 a       285     0    19     1    15
  1.1480441569323794E+00 a       286     0    20     1     1
  5.9738063717905732E-01 a       287     0    20     1     2
  1.5264748002317399E-01 a       288     0    20     1     3
 -4.9732364153605957E-01 a       289     0    20     1     4
  8.2950873412237880E-01 a       290     0    20     1     5
  3.8568722503415853E-01 a       291     0    20     1     6
  2.3718047356134750E-01 a       292     0    20     1     7
 -4.0666483111510981E-01 a       293     0    20     1     8
 -6.1034126152002210E-02 a       294     0    20     1     9
 -8.7909559019077183E-02 a       295     0    20     1    10
 -3.5510135794525732E-01 a       296     0    20     1    11
  2.2201443833690740E-01 a       297     0    20     1    12
  6.4833137995753554E-01 a       298     0    20     1    13
 -7.1531884967440881E-02 a       299     0    20     1    14
 -2.8890234661019355E-02 a       300     0    20     1    15
 -5.7471288444409607E-01 a       301     0    21     1     1
  8.8136104796958617E-02 a       302     0    21     1     2
 -8.1447800436250758E-02 a       303     0    21     1     3
 -1.4925547460960107E+00 a       304     0    21     1     4
  5.3299219367797246E-01 a       305     0    21     1     5
 -8.6456068048917756E-01 a       306     0    21     1     6
 -3.5361853618568295E-01 a       307     0    21     1     7
  1.9554124761639952E-02 a       308     0    21     1     8
 -3.9261887090598152E-01 a       309     0    21     1     9
  1.1584752304753014E+00 a       310     0    21     1    10
  8.5892133078401478E-01 a       311     0    21     1    11
  2.7143648113680574E-01 a       312     0    21     1    12
 -1.7157321704092560E-01 a       313     0    21     1    13
  3.0912664104642534E-01 a       314     0    21     1    14
  4.0143694633769755E-01 a       315     0    21     1    15
 -2.5128188245008825E+00 a       316     0    22     1     1
  2.6327987960157331E+00 a       317     0    22     1     2
  4.6144553474176669E-01 a       318     0    22     1     3
 -1.8280516631423032E+00 a       319     0    22     1     4
  5.3132575708902852E-01 a       320     0    22     1     5
  1.1692254547569343E+00 a       321     0    22     1     6
 -1.6018152213317391E+00 a       322     0    22     1     7
 -8.7733206799764840E-01 a       323     0    22     1     8
 -2.3488684335786694E+00 a       324     0    22     1     9
  3.5420408959471370E+00 a       325     0    22     1    10
  1.0797446506790322E+00 a       326     0    22     1    11
 -2.9936627074530722E+00 a       327     0    22     1    12
  5.7937072949848800E-01 a       328     0    22     1    13
 -7.2148323588753116E-01 a       329     0    22     1    14
 -7.9821133606606054E-01 a       330     0    22     1    15
  3.1772052115815896E-01 a       331     0    23     1     1
  2.5726297691691613E-01 a       332     0    23     1     2
  3.1796529919771666E-02 a       333     0    23     1     3
 -1.9862266667725439E-01 a       334     0    23     1     4
 -8.9121857198149509E-02 a       335     0    23     1     5
  1.7500562148634080E-01 a       336     0    23     1     6
  3.4021469385108777E-02 a       337     0    23     1     7
  1.4745917873599790E-01 a       338     0    23     1     8
  1.7196649582740045E-01 a       339     0    23     1     9
 -3.2160895830285197E-02 a       340     0    23     1    10
 -5.8010769326338654E-02 a       341     0    23     1    11
  2.2167415671271948E-01 a       342     0    23     1    12
  1.2281649250151967E-01 a       343     0    23     1    13
  2.8157978393553262E-01 a       344     0    23     1    14
  1.4373562192835650E-02 a       345     0    23     1    15
  8.6709065016694120E-02 a       346     0    24     1     1
  7.5110939019829681E-01 a       347     0    24     1     2
 -1.4177694478437183E-01 a       348     0    24     1     3
  2.7346918409288107E-01 a       349     0    24     1     4
 -2.0467946781799734E-01 a       350     0    24     1     5
 -4.8227955287001534E-01 a       351     0    24     1     6
 -1.5898335588228057E-01 a       352     0    24     1     7
  1.1082106938530414E-02 a       353     0    24     1     8
 -1.8699301924383103E+00 a       354     0    24     1     9
  3.4887794811721373E-01 a       355     0    24     1    10
  5.8927201914229421E-01 a       356     0    24     1    11
  6.2653265611205211E-02 a       357     0    24     1    12
  2.2784790506762215E-01 a       358     0    24     1    13
  4.7642377959583974E-02 a       359     0    24     1    14
  1.4478769377767736E-01 a       360     0    24     1    15
 -2.3258965500954704E-01 a       361     0    25     1     1
  3.2413690137909773E-01 a       362     0    25     1     2
  1.6535478576734178E-01 a       363     0    25     1     3
  1.8302310357734233E+00 a       364     0    25     1     4
  7.9351925437423559E-02 a       365     0    25     1     5
  2.1909027328721900E+00 a       366     0    25     1     6
 -1.3639724434952656E+00 a       367     0    25     1     7
 -3.4600389846952490E-01 a       368     0    25     1     8
 -2.2528604623038175E+00 a       369     0    25     1     9
 -1.2897653000958920E+00 a       370     0    25     1    10
  1.2046053349008745E+00 a       371     0    25     1    11
 -3.2237113287508623E-01 a       372     0    25     1    12
  8.6236466843082749E-01 a       373     0    25     1    13
  1.1560226911849731E+00 a       374     0    25     1    14
 -2.7136711331576974E-01 a       375     0    25     1    15
 -4.5229392357398851E-01 a       376     0    26     1     1
  4.7409501997839514E-03 a       377     0    26     1     2
 -1.2427104720126089E-01 a       378     0    26     1     3
  6.6624719035893981E-02 a       379     0    26     1     4
 -2.7166791815256630E-01 a       380     0    26     1     5
 -1.4940838713131721E-01 a       381     0    26     1     6
  2.5379610819564524E-01 a       382     0    26     1     7
  4.0438192559522454E-02 a       383     0    26     1     8
  1.4719754992746764E-01 a       384     0    26     1     9
  2.6101501515102096E-02 a       385     0    26     1    10
  2.0192891923611431E-01 a       386     0    26     1    11
 -1.9690238939894752E-01 a       387     0    26     1    12
 -1.3591278523901187E-01 a       388     0    26     1    13
  4.4121046403052105E-01 a       389     0    26     1    14
  2.0196500493555869E-02 a       390     0    26     1    15
 -7.0740248552428042E-01 a       391     0    27     1     1
 -7.2423504192038446E-01 a       392     0    27     1     2
  1.0797143432491786E-01 a       393     0    27     1     3
 -1.2899101804226695E-01 a       394     0    27     1     4
  4.5353770812474895E-02 a       395     0    27     1     5
 -1.6229888880650617E-01 a       396     0    27     1     6
 -3.6250068159596943E-01 a       397     0    27     1     7
 -2.2347019316569972E-01 a       398     0    27     1     8
  4.8019627861317216E-01 a       399     0    27     1     9
 -1.0541860516358272E+00 a       400     0    27     1    10
 -6.0506109164233468E-01 a       401     0    27     1    11
 -2.7473197728835713E-01 a       402     0    27     1    12
 -2.2248453154353109E-01 a       403     0    27     1    13
  4.7962856722366187E-01 a       404     0    27     1    14
 -3.9900025434367570E-01 a       405     0    27     1    15
  1.0358487573830546E+00 a       406     0    28     1     1
 -1.5413578504528960E+00 a       407     0    28     1     2
 -4.4354302709689220E-01 a       408     0    28     1     3
  1.2189490271339318E+00 a       409     0    28     1     4
 -3.8562119994358346E-01 a       410     0    28     1     5
 -9.2825367014296511E-01 a       411     0    28     1     6
 -7.3992699559155173E-01 a       412     0    28     1     7
  7.6650345748775206E-01 a       413     0    28     1     8
 -9.7128229382197645E-02 a       414     0    28     1     9
 -2.8907767907461515E+00 a       415     0    28     1    10
 -4.2995175014058779E-01 a       416     0    28     1    11
  3.0530423648068300E-01 a       417     0    28     1    12
  1.5632277718933452E+00 a       418     0    28     1    13
  5.7904611886134806E-02 a       419     0    28     1    14
  7.1542995995463410E-01 a       420     0    28     1    15
 -4.5214551177723050E-02 a       421     0    29     1     1
  2.0902407784021407E-01 a       422     0    29     1     2
 -6.0816060924010082E-02 a       423     0    29     1     3
 -2.0043830277626637E-01 a       424     0    29     1     4
 -1.1810308915579351E-01 a       425     0    29     1     5
  3.1752684699753381E-01 a       426     0    29     1     6
 -1.2342245628709490E-01 a       427     0    29     1     7
  4.5488666196581534E-01 a       428     0    29     1     8
 -2.1849112349067210E-01 a       429     0    29     1     9
 -1.7129951480733610E-01 a       430     0    29     1    10
 -7.0555376092531474E-01 a       431     0    29     1    11
  1.1833457447175068E-02 a       432     0    29     1    12
 -2.9342014761033514E-01 a       433     0    29     1    13
  1.7401117706242888E-01 a       434     0    29     1    14
  8.3300812889148493E-02 a       435     0    29     1    15
  5.3486826468915638E-01 a       436     0    30     1     1
 -5.3755992634146665E-01 a       437     0    30     1     2
 -1.0021003104287689E-01 a       438     0    30     1     3
 -5.7013487542453757E-02 a       439     0    30     1     4
  3.1586404897490428E-01 a       440     0    30     1     5
  7.6242981450108005E-01 a       441     0    30     1     6
 -4.0909201066439405E-01 a       442     0    30     1     7
 -1.2461079819379879E+00 a       443     0    30     1     8
  7.3048153152568185E-01 a       444     0    30     1     9
 -1.0376372736608970E-01 a       445     0    30     1    10
 -2.8406200021225425E-01 a       446     0    30     1    11
  2.2510747396738440E-01 a       447     0    30     1    12
 -9.1181380623503866E-02 a       448     0    30     1    13
  5.2674969715234790E-02 a       449     0    30     1    14
 -6.0672893507191905E-01 a       450     0    30     1    15
  1.1740277529320182E+00 a       451     0    31     1     1
 -3.3650915196210560E+00 a       452     0    31     1     2
  1.0296867765829310E+00 a       453     0    31     1     3
  2.4322233721771416E+00 a       454     0    31     1     4
 -3.2170665038338564E-01 a       455     0    31     1     5
 -7.0790725284581713E-01 a       456     0    31     1     6
 -2.2684714697146569E+00 a       457     0    31     1     7
  2.8921682671238985E-01 a       458     0    31     1     8
  2.5910209284101633E+00 a       459     0    31     1     9
 -2.9548802361255069E+00 a       460     0    31     1    10
  1.7343013428904042E-01 a       461     0    31     1    11
 -7.9995822770702729E-01 a       462     0    31     1    12
  1.8304680328706473E+00 a       463     0    31     1    13
 -1.3622555932144884E+00 a       464     0    31     1    14
 -1.2344611271781081E+00 a       465     0    31     1    15
  9.5256608012177990E-01 a       466     0    32     1     1
  7.3643898525418761E-01 a       467     0    32     1     2
 -7.2818859017775720E-03 a       468     0    32     1     3
 -3.7574024275214030E-01 a       469     0    32     1     4
 -1.6319735600181379E-01 a       470     0    32     1     5
  9.0973811809396329E-02 a       471     0    32     1     6
 -4.4727784968224610E-01 a       472     0    32     1     7
 -2.8243603398663930E-01 a       473     0    32     1     8
  4.6613912364810606E-01 a       474     0    32     1     9
 -4.5972741910464673E-02 a       475     0    32     1    10
  3.9322341135866778E-01 a       476     0    32     1    11
 -8.9181099038325062E-01 a       477     0    32     1    12
 -1.6287314802360664E-01 a       478     0    32     1    13
  5.2701885846653730E-02 a       479     0    32     1    14
 -1.8922178514986793E-01 a       480     0    32     1    15
  2.0782479788955888E-01 a       481     0    33     1     1
 -1.4699007596327163E-01 a       482     0    33     1     2
  3.6434436382585395E-01 a       483     0    33     1     3
  8.6099389401832993E-01 a       484     0    33     1     4
 -1.0990956753239770E-01 a       485     0    33     1     5
  1.1035864694071984E+00 a       486     0    33     1     6
  1.1695083018306210E-01 a       487     0    33     1     7
 -2.3761561255056969E-02 a       488     0    33     1     8
  1.1369341425386373E-01 a       489     0    33     1     9
  7.3971305579063187E-02 a       490     0    33     1    10
  1.2163455982227611E+00 a       491     0    33     1    11
 -1.4421094398282575E+00 a       492     0    33     1    12
 -8.7964907311444462E-01 a       493     0    33     1    13
 -8.5014722577380786E-01 a       494     0    33     1    14
  2.1112341584370500E-01 a       495     0    33     1    15
 -2.1443360917907417E+00 a       496     0    34     1     1
  9.5193508408927319E-01 a       497     0    34     1     2
  7.0793437989719477E-01 a       498     0    34     1     3
 -1.7633838535824573E+00 a       499     0    34     1     4
 -1.8233554876553149E+00 a       500     0    34     1     5
 -1.7547097411310957E+00 a       501     0    34     1     6
  1.2328690090933594E+00 a       502     0    34     1     7
  2.3342715436587680E+00 a       503     0    34     1     8
 -1.0685242154073389E+00 a       504     0    34     1     9
  1.3832674542354254E-01 a       505     0    34     1    10
  1.9035152128718344E+00 a       506     0    34     1    11
  1.4762218379653940E+00 a       507     0    34     1    12
 -2.3620128133592746E+00 a       508     0    34     1    13
  2.6558811169943461E+00 a       509     0    34     1    14
 -2.8991896928639704E-01 a       510     0    34     1    15
 -4.2291340114381437E-03 a       511     0    35     1     1
  4.2613499402778018E-02 a       512     0    35     1     2
  3.8688581850597368E-03 a       513     0    35     1     3
  2.8838185481829431E-01 a       514     0    35     1     4
  2.3579541722168357E-01 a       515     0    35     1     5
 -1.6147653139822760E-01 a       516     0    35     1     6
 -2.8620836200759880E-01 a       517     0    35     1     7
 -4.7466054520625456E-01 a       518     0    35     1     8
 -5.9649178111674439E-01 a       519     0    35     1     9
 -2.5487069989621958E-02 a       520     0    35     1    10
  1.0423905782186302E-01 a       521     0    35     1    11
 -1.6816863669453835E-01 a       522     0    35     1    12
  3.8517363283737888E-01 a       523     0    35     1    13
 -6.3574665065382174E-02 a       524     0    35     1    14
 -6.9455858102154780E-02 a       525     0    35     1    15
 -1.2604202657741350E+00 a       526     0    36     1     1
  2.9054180923963974E-01 a       527     0    36     1     2
  1.6977037724288480E-01 a       528     0    36     1     3
 -8.0511282242182969E-01 a       529     0    36     1     4
  2.5415014905624111E-01 a       530     0    36     1     5
 -6.5737923548024901E-01 a       531     0    36     1     6
  2.9207115076890411E-01 a       532     0    36     1     7
  1.4945676581327147E-01 a       533     0    36     1     8
  8.2426362855072899E-01 a       534     0    36     1     9
 -9.3313671944285470E-01 a       535     0    36     1    10
 -2.3472265147378063E-01 a       536     0    36     1    11
 -3.5034478079810183E-01 a       537     0    36     1    12
 -1.2953403222785620E+00 a       538     0    36     1    13
  3.2344904825153803E-01 a       539     0    36     1    14
 -7.1054081501094157E-02 a       540     0    36     1    15
  1.6739636964861251E+00 a       541     0    37     1     1
  8.3283998461889541E-01 a       542     0    37     1     2
  2.4427104276670661E-01 a       543     0    37     1     3
  1.5222247072181608E-01 a       544     0    37     1     4
  9.6594784681108903E-01 a       545     0    37     1     5
 -3.2545300112692924E-02 a       546     0    37     1     6
  3.2107591510964784E+00 a       547     0    37     1     7
 -7.1273088601687973E-01 a       548     0    37     1     8
 -1.1254672710138554E+00 a       549     0    37     1     9
 -2.2915717290733667E-01 a       550     0    37     1    10
  1.5016347464946862E+00 a       551     0    37     1    11
  6.7310307006219083E-01 a       552     0    37     1    12
 -1.0742241793133307E-01 a       553     0    37     1    13
 -4.2416921084569445E-02 a       554     0    37     1    14
  6.1681409744772819E-01 a       555     0    37     1    15
 -5.2795540599477353E-01 a       556     0    38     1     1
 -8.4467220013668176E-01 a       557     0    38     1     2
  3.9481611878169273E-02 a       558     0    38     1     3
  3.5172545546745654E-01 a       559     0    38     1     4
 -1.8422188661785091E-01 a       560     0    38     1     5
 -9.5246310039849846E-02 a       561     0    38     1     6
 -1.2699830545413366E+00 a       562     0    38     1     7
  2.8111333618875484E-01 a       563     0    38     1     8
 -5.2945236778222482E-01 a       564     0    38     1     9
  2.7776269351799149E-01 a       565     0    38     1    10
 -7.2422138840240596E-02 a       566     0    38     1    11
  3.5048267438540665E-01 a       567     0    38     1    12
 -3.5439677863340635E-01 a       568     0    38     1    13
 -4.9823515329015450E-01 a       569     0    38     1    14
  6.3707567676174665E-02 a       570     0    38     1    15
  6.8032397693124913E-01 a       571     0    39     1     1
 -1.0586979707071551E+00 a       572     0    39     1     2
 -3.9881993653211195E-01 a       573     0    39     1     3
  6.6192749153162767E-01 a       574     0    39     1     4
 -3.5674650799154861E-01 a       575     0    39     1     5
 -7.3337900807377062E-03 a       576     0    39     1     6
  6.8245604303575524E-01 a       577     0    39     1     7
  1.6636612997185679E-01 a       578     0    39     1     8
 -4.2989094576804043E-01 a       579     0    39     1     9
  3.4062003073719466E-01 a       580     0    39     1    10
  1.3410603701357179E-01 a       581     0    39     1    11
  3.2567988416988947E-01 a       582     0    39     1    12
  6.8387563533516804E-01 a       583     0    39     1    13
 -1.8881548624739186E-01 a       584     0    39     1    14
 -1.0639758377572900E-01 a       585     0    39     1    15
  8.5288232921808771E-01 a       586     0    40     1     1
  4.7817889003013875E-01 a       587     0    40     1     2
 -5.5064106614571495E-01 a       588     0    40     1     3
  1.0949844784554099E+00 a       589     0    40     1     4
  1.3218000028909604E+00 a       590     0    40     1     5
  1.3828251616415896E+00 a       591     0    40     1     6
  8.2263934911060976E-01 a       592     0    40     1     7
 -1.5878300112773553E+00 a       593     0    40     1     8
  1.0693818593217701E+00 a       594     0    40     1     9
  4.8719610104777278E-01 a       595     0    40     1    10
 -8.1601131482877787E-01 a       596     0    40     1    11
 -1.2859989658848365E+00 a       597     0    40     1    12
 -7.8946145394800527E-01 a       598     0    40     1    13
 -2.1231285977043122E+00 a       599     0    40     1    14
 -6.0958659614098976E-01 a       600     0    40     1    15
 -8.3791300827253312E-01 a       601     0    41     1     1
 -2.4693292088896279E-01 a       602     0    41     1     2
  5.0356110732091786E-02 a       603     0    41     1     3
 -2.6191965982948701E-01 a       604     0    41     1     4
  5.0036325549042894E-02 a       605     0    41     1     5
  5.0519979725329411E-01 a       606     0    41     1     6
  2.3876162774285604E-02 a       607     0    41     1     7
 -3.6747408617775695E-01 a       608     0    41     1     8
  4.9712169738979228E-01 a       609     0    41     1     9
  1.6772236209541783E-01 a       610     0    41     1    10
  7.5732423836708723E-02 a       611     0    41     1    11
  1.8546951725537125E-01 a       612     0    41     1    12
  8.8875065914112117E-01 a       613     0    41     1    13
  4.8235356723212020E-01 a       614     0    41     1    14
 -1.8079140776341671E-01 a       615     0    41     1    15
  1.8819160360597779E-02 a       616     0    42     1     1
  3.1352726738331987E-01 a       617     0    42     1     2
 -2.3270391714884622E-01 a       618     0    42     1     3
 -1.2100745679980143E+00 a       619     0    42     1     4
 -6.6174609803419396E-02 a       620     0    42     1     5
 -2.0309358525717142E-01 a       621     0    42     1     6
  5.8408396541379948E-01 a       622     0    42     1     7
  1.9724142677699646E-01 a       623     0    42     1     8
  2.4573528666598454E-01 a       624     0    42     1     9
  4.0085954447626709E-01 a       625     0    42     1    10
 -4.4170839748996188E-02 a       626     0    42     1    11
  4.5950295599225394E-01 a       627     0    42     1    12
 -6.6772062800792054E-01 a       628     0    42     1    13
  1.0118288389597532E-01 a       629     0    42     1    14
 -5.0254380222245305E-03 a       630     0    42     1    15
 -2.1010086970670740E+00 a       631     0    43     1     1
  1.7763313534496574E+00 a       632     0    43     1     2
 -2.5182713135850650E+00 a       633     0    43     1     3
  3.9326027870116159E-01 a       634     0    43     1     4
  2.9282325421111688E-01 a       635     0    43     1     5
 -2.3767237345358598E+00 a       636     0    43     1     6
 -7.3740441883672869E-01 a       637     0    43     1     7
  6.3075355756982288E-01 a       638     0    43     1     8
  8.5713335001578406E-01 a       639     0    43     1     9
  1.3360446202955528E-01 a       640     0    43     1    10
  1.6762687798745233E+00 a       641     0    43     1    11
  1.4265598695627096E-01 a       642     0    43     1    12
 -1.0429751068093411E+00 a       643     0    43     1    13
 -7.9241257579324087E-01 a       644     0    43     1    14
  1.7037826716081437E+00 a       645     0    43     1    15
 -8.6656397886586500E-01 a       646     0    44     1     1
 -5.0569528253961682E-01 a       647     0    44     1     2
  1.2249145419969366E-01 a       648     0    44     1     3
  5.1826421941158374E-01 a       649     0    44     1     4
  3.4413283637196307E-01 a       650     0    44     1     5
 -2.4685618260224929E-01 a       651     0    44     1     6
  1.0136383819148354E+00 a       652     0    44     1     7
 -1.3800093930448357E-01 a       653     0    44     1     8
 -1.6353442635492307E-01 a       654     0    44     1     9
  1.4634756834914611E-01 a       655     0    44     1    10
  9.8139636897303248E-02 a       656     0    44     1    11
  6.1235079065449304E-02 a       657     0    44     1    12
 -7.1059954672458547E-01 a       658     0    44     1    13
 -2.9364857316212373E-01 a       659     0    44     1    14
  1.1949070623945753E-01 a       660     0    44     1    15
  5.9691805808646325E-01 a       661     0    45     1     1
  5.8128346944127829E-01 a       662     0    45     1     2
  2.0035888851543682E-01 a       663     0    45     1     3
  7.5795774720712139E-01 a       664     0    45     1     4
  5.5254209679734756E-01 a       665     0    45     1     5
  3.0711245841396728E-01 a       666     0    45     1     6
 -2.0289890417675485E-01 a       667     0    45     1     7
 -4.0028426870280431E-01 a       668     0    45     1     8
 -4.9876859111794508E-01 a       669     0    45     1     9
  2.4454807470095094E-01 a       670     0    45     1    10
 -4.0764002106926445E-01 a       671     0    45     1    11
 -3.7592950878027104E-01 a       672     0    45     1    12
  4.1708568646289745E-02 a       673     0    45     1    13
 -3.0760596254358858E-02 a       674     0    45     1    14
  1.8934883945781011E-01 a       675     0    45     1    15
 -8.7130977917261243E-01 a       676     0    46     1     1
  7.4271383532298929E-01 a       677     0    46     1     2
  1.0575679935132598E+00 a       678     0    46     1     3
  1.0359812921698490E-01 a       679     0    46     1     4
  3.7317589704865711E-01 a       680     0    46     1     5
  2.0758701478011208E+00 a       681     0    46     1     6
 -1.7559096153972367E+00 a       682     0    46     1     7
 -2.0451675266037252E+00 a       683     0    46     1     8
 -2.8221015043140500E+00 a       684     0    46     1     9
  1.3453618402395899E+00 a       685     0    46     1    10
 -2.3761090450093159E+00 a       686     0    46     1    11
  2.8728835088301063E-01 a       687     0    46     1    12
  2.2422495845737149E+00 a       688     0    46     1    13
  9.1354065706219256E-01 a       689     0    46     1    14
 -1.1908982174312228E+00 a       690     0    46     1    15
  5.9470271224028193E-01 a       691     0    47     1     1
  2.6288224015554357E-01 a       692     0    47     1     2
 -2.8018749294741505E-02 a       693     0    47     1     3
 -1.5834587098449404E-01 a       694     0    47     1     4
  1.7726850777660580E-01 a       695     0    47     1     5
  5.7700659617976262E-02 a       696     0    47     1     6
 -3.1911549908042547E-01 a       697     0    47     1     7
  4.0062681796274400E-03 a       698     0    47     1     8
  2.3732067041259705E-01 a       699     0    47     1     9
 -6.4360726394541287E-03 a       700     0    47     1    10
 -1.3361753415937699E-01 a       701     0    47     1    11
  3.8124359808238223E-02 a       702     0    47     1    12
 -3.6200319112983874E-02 a       703     0    47     1    13
  2.1412170042622111E-01 a       704     0    47     1    14
  1.0011720373419292E-01 a       705     0    47     1    15
  3.0321653082875927E-01 a       706     0    48     1     1
  4.6051389823827710E-01 a       707     0    48     1     2
  7.6491273563804377E-02 a       708     0    48     1     3
  5.9330164027602750E-01 a       709     0    48     1     4
  4.4275298879240574E-02 a       710     0    48     1     5
  2.8618467759133615E-01 a       711     0    48     1     6
 -3.0914652779982421E-01 a       712     0    48     1     7
 -2.9292303343655435E-01 a       713     0    48     1     8
  9.7710279266960104E-02 a       714     0    48     1     9
  1.4739918012754957E-01 a       715     0    48     1    10
  1.8977935997502887E-01 a       716     0    48     1    11
  1.9377572999461418E-01 a       717     0    48     1    12
  3.1804572681533921E-01 a       718     0    48     1    13
 -3.3499495789667194E-01 a       719     0    48     1    14
  1.3205789486204736E-01 a       720     0    48     1    15
 -4.9481436012621544E-01 a       721     0    49     1     1
 -3.9301736767884049E-01 a       722     0    49     1     2
  9.0989148414730314E-01 a       723     0    49     1     3
 -6.0180726571395793E-01 a       724     0    49     1     4
 -3.0001009611310969E-01 a       725     0    49     1     5
  6.5878451868934640E-01 a       726     0    49     1     6
 -4.2625805415397394E-01 a       727     0    49     1     7
  3.8005138197010804E-02 a       728     0    49     1     8
 -7.2918210384281512E-01 a       729     0    49     1     9
  1.9676110585439199E-01 a       730     0    49     1    10
 -1.4510445307503879E+00 a       731     0    49     1    11
 -3.0521915362538460E-01 a       732     0    49     1    12
 -8.0801572990548753E-01 a       733     0    49     1    13
 -1.8754066196947020E-01 a       734     0    49     1    14
 -5.4857004378676411E-01 a       735     0    49     1    15
  5.7483987178322829E-02 a       736     0    50     1     1
  5.3109584890565920E-01 a       737     0    50     1     2
 -1.0573754952655585E-01 a       738     0    50     1     3
 -2.9526887187942047E-01 a       739     0    50     1     4
 -1.0862534323241076E-01 a       740     0    50     1     5
  3.6651096472643407E-01 a       741     0    50     1     6
 -9.3877219821974078E-01 a       742     0    50     1     7
 -8.1648229608731179E-02 a       743     0    50     1     8
  4.6740727236092028E-01 a       744     0    50     1     9
 -1.3818247088123689E-01 a       745     0    50     1    10
 -5.0843533568909763E-02 a       746     0    50     1    11
  5.9298403568808417E-02 a       747     0    50     1    12
  5.5134472555485661E-02 a       748     0    50     1    13
  1.0011813224317256E-01 a       749     0    50     1    14
 -6.6042513960100482E-02 a       750     0    50     1    15
 -8.2668385130904498E-01 a       751     0    51     1     1
  2.3407002388206902E-01 a       752     0    51     1     2
 -3.8599013714188314E-02 a       753     0    51     1     3
 -8.9447418996979777E-01 a       754     0    51     1     4
 -4.9019993303359190E-02 a       755     0    51     1     5
 -2.9727311069432366E-01 a       756     0    51     1     6
 -7.9571286917720530E-01 a       757     0    51     1     7
 -1.1185662895774842E-02 a       758     0    51     1     8
  2.5554923782128852E-01 a       759     0    51     1     9
  3.3555605705512762E-02 a       760     0    51     1    10
 -5.8061973131720686E-02 a       761     0    51     1    11
  3.8705102587042273E-01 a       762     0    51     1    12
  1.2895544753828989E-02 a       763     0    51     1    13
  3.1633247894905592E-01 a       764     0    51     1    14
 -2.1977321386588941E-01 a       765     0    51     1    15
  2.0291241152864115E+00 a       766     0    52     1     1
 -8.9699166435238298E-01 a       767     0    52     1     2
  7.6959341578577845E-01 a       768     0    52     1     3
 -1.9463574323447411E-01 a       769     0    52     1     4
 -9.7727651073352698E-02 a       770     0    52     1     5
  2.4507897756349586E-01 a       771     0    52     1     6
  1.7067196840052050E+00 a       772     0    52     1     7
  3.7214660183052367E-01 a       773     0    52     1     8
 -2.4691317691457623E-01 a       774     0    52     1     9
 -5.5449213661199481E-01 a       775     0    52     1    10
  1.8393636271278362E+00 a       776     0    52     1    11
  7.7654901595914594E-02 a       777     0    52     1    12
 -1.3741092684513465E+00 a       778     0    52     1    13
  6.2761835578006062E-02 a       779     0    52     1    14
 -2.7321373543668179E-02 a       780     0    52     1    15
  5.9530158256603760E-01 a       781     0    53     1     1
  6.1059455186118228E-01 a       782     0    53     1     2
  1.1742846620243637E-02 a       783     0    53     1     3
  1.2178726226360567E-01 a       784     0    53     1     4
  9.5909187814034735E-03 a       785     0    53     1     5
 -8.3335636356980283E-02 a       786     0    53     1     6
 -2.1591009450317095E-01 a       787     0    53     1     7
  1.2589879668669549E-01 a       788     0    53     1     8
 -1.2592797292482333E-01 a       789     0    53     1     9
 -1.4426107590450077E-01 a       790     0    53     1    10
  1.5582690312504139E-02 a       791     0    53     1    11
 -2.1410745281323512E-01 a       792     0    53     1    12
 -6.8966958211016227E-01 a       793     0    53     1    13
 -2.8918494574121495E-01 a       794     0    53     1    14
  5.7210661591925775E-02 a       795     0    53     1    15
 -4.8191408168918010E-01 a       796     0    54     1     1
  2.3003085194590203E-01 a       797     0    54     1     2
  7.0898039714828678E-02 a       798     0    54     1     3
  5.6377833214360673E-01 a       799     0    54     1     4
 -1.7356353940362682E-01 a       800     0    54     1     5
  4.6665480042958019E-01 a       801     0    54     1     6
  1.8951059255854000E-01 a       802     0    54     1     7
 -7.6520623176447450E-02 a       803     0    54     1     8
  9.5587649981779724E-02 a       804     0    54     1     9
  5.5324985561162117E-02 a       805     0    54     1    10
 -3.5960917386849506E-02 a       806     0    54     1    11
  9.9032637609754504E-02 a       807     0    54     1    12
 -2.3420478555256558E-02 a       808     0    54     1    13
 -2.0119871143178942E-02 a       809     0    54     1    14
  5.6938789570985339E-02 a       810     0    54     1    15
 -3.5252826618240785E-01 a       811     0    55     1     1
 -8.3436419973359799E-01 a       812     0    55     1     2
 -6.8872249946256592E-01 a       813     0    55     1     3
 -7.3018889421922584E-02 a       814     0    55     1     4
 -2.3327892995748060E-02 a       815     0    55     1     5
  6.1811451193863265E-01 a       816     0    55     1     6
  2.1505925250939825E-01 a       817     0    55     1     7
 -2.0997771838240362E-01 a       818     0    55     1     8
 -1.8744606231795205E-01 a       819     0    55     1     9
  9.0609031350824903E-02 a       820     0    55     1    10
 -6.5383768111591289E-01 a       821     0    55     1    11
 -6.3279185920133196E-01 a       822     0    55     1    12
  1.1346253776354791E+00 a       823     0    55     1    13
  5.4247215844277386E-01 a       824     0    55     1    14
 -3.8562222986370420E-01 a       825     0    55     1    15
  8.1552683784320334E-01 a       826     0    56     1     1
 -9.4126538605724785E-02 a       827     0    56     1     2
 -5.8761044410509916E-02 a       828     0    56     1     3
 -2.1357331566460738E-01 a       829     0    56     1     4
  2.3453714640774320E-02 a       830     0    56     1     5
  8.2843368943200296E-02 a       831     0    56     1     6
  3.4586021263950345E-01 a       832     0    56     1     7
 -9.5188602753643492E-02 a       833     0    56     1     8
 -4.2017303624532513E-06 a       834     0    56     1     9
  1.2016892147973886E-01 a       835     0    56     1    10
 -1.1346781778231105E-01 a       836     0    56     1    11
  7.3953429182009270E-02 a       837     0    56     1    12
  4.4027971955095063E-01 a       838     0    56     1    13
 -1.1242609674781445E-01 a       839     0    56     1    14
 -1.7127096138645690E-03 a       840     0    56     1    15
 -1.2774461939173212E+00 a       841     0    57     1     1
 -8.0957249498797665E-02 a       842     0    57     1     2
  5.7872198756101140E-02 a       843     0    57     1     3
 -4.5653262119164079E-01 a       844     0    57     1     4
 -1.2186772322399766E-01 a       845     0    57     1     5
 -5.1201499879857826E-01 a       846     0    57     1     6
 -3.0887011804765147E-01 a       847     0    57     1     7
  8.5000551444512046E-02 a       848     0    57     1     8
  3.5868176854412070E-01 a       849     0    57     1     9
 -1.8463679178574791E-01 a       850     0    57     1    10
  2.8459813567102843E-01 a       851     0    57     1    11
  3.2004193134856412E-01 a       852     0    57     1    12
  1.1759170766131379E-01 a       853     0    57     1    13
  6.5866236247387674E-02 a       854     0    57     1    14
 -8.7151439710430240E-02 a       855     0    57     1    15
  1.2572855527401385E+00 a       856     0    58     1     1
  7.0541148351393945E-01 a       857     0    58     1     2
  1.3722761533216763E+00 a       858     0    58     1     3
  5.6055881672503839E-02 a       859     0    58     1     4
  5.0507200539752280E-02 a       860     0    58     1     5
 -2.0700936809981940E-01 a       861     0    58     1     6
  7.6874294636122775E-02 a       862     0    58     1     7
  3.6894830949745178E-01 a       863     0    58     1     8
  7.1295573024789749E-01 a       864     0    58     1     9
 -4.5352952370409338E-01 a       865     0    58     1    10
  8.3620973191146619E-01 a       866     0    58     1    11
 -2.0959746377645433E-01 a       867     0    58     1    12
 -1.3520523735123608E+00 a       868     0    58     1    13
 -3.5690399503314996E-01 a       869     0    58     1    14
  9.0401959717968258E-02 a       870     0    58     1    15
 -5.4153341192537063E-01 a       871     0    59     1     1
 -5.3413112700192028E-02 a       872     0    59     1     2
  8.7881376448126249E-03 a       873     0    59     1     3
  7.7051767793924392E-02 a       874     0    59     1     4
 -2.0341931742339628E-01 a       875     0    59     1     5
  8.7906601610799398E-03 a       876     0    59     1     6
  2.8076377500045963E-01 a       877     0    59     1     7
  3.0033017875288204E-01 a       878     0    59     1     8
 -4.2284541608732025E-02 a       879     0    59     1     9
  2.6349002346787935E-02 a       880     0    59     1    10
  8.7969009798269937E-02 a       881     0    59     1    11
  1.0105924459146885E-01 a       882     0    59     1    12
  1.6917573226784520E-02 a       883     0    59     1    13
 -2.7321871005250551E-02 a       884     0    59     1    14
 -4.1245896870458085E-02 a       885     0    59     1    15
  2.3626558130299799E-01 a       886     0    60     1     1
 -3.4180573749348786E-01 a       887     0    60     1     2
 -4.7399520257598894E-02 a       888     0    60     1     3
 -2.5433594289624933E-01 a       889     0    60     1     4
  1.1340141184947339E-01 a       890     0    60     1     5
 -1.7877201264372691E-01 a       891     0    60     1     6
 -6.0976452012747406E-01 a       892     0    60     1     7
  3.8598257371019809E-02 a       893     0    60     1     8
 -2.1649897510556057E-01 a       894     0    60     1     9
 -2.2300580955161211E-02 a       895     0    60     1    10
 -8.3283373491994647E-02 a       896     0    60     1    11
 -1.8905100488902629E-01 a       897     0    60     1    12
 -7.2279862658752358E-02 a       898     0    60     1    13
  1.7886092493570857E-02 a       899     0    60     1    14
 -4.2490437156317513E-02 a       900     0    60     1    15
  1.9434751258666823E+00 a       901     0    61     1     1
  2.7314006679643565E-01 a       902     0    61     1     2
 -6.4165893717854361E-02 a       903     0    61     1     3
  8.3547587241650095E-02 a       904     0    61     1     4
  5.1169878612061140E-02 a       905     0    61     1     5
 -1.0155627879385989E-01 a       906     0    61     1     6
  1.6808671654857324E-01 a       907     0    61     1     7
  6.6152166657833966E-02 a       908     0    61     1     8
  1.6263768587477506E-01 a       909     0    61     1     9
 -1.3557953889406915E-01 a       910     0    61     1    10
  3.8077840828095527E-01 a       911     0    61     1    11
 -2.9054727441568007E-01 a       912     0    61     1    12
 -1.5993264201701504E-01 a       913     0    61     1    13
 -9.3289929773625976E-02 a       914     0    61     1    14
  1.1543910740621481E-01 a       915     0    61     1    15
 -2.7327898195888745E-01 a       916     0    62     1     1
 -9.9961052619305116E-02 a       917     0    62     1     2
  3.5390424258366221E-02 a       918     0    62     1     3
  1.4493801434246431E-01 a       919     0    62     1     4
 -1.3089677634013648E-03 a       920     0    62     1     5
 -1.3002950514883913E-01 a       921     0    62     1     6
 -8.5757835681323835E-02 a       922     0    62     1     7
  6.7765958370442289E-02 a       923     0    62     1     8
 -1.2317158806179192E-01 a       924     0    62     1     9
 -6.4702140992736366E-04 a       925     0    62     1    10
  2.5564149793877302E-02 a       926     0    62     1    11
 -5.1785448484584357E-02 a       927     0    62     1    12
 -9.7862862753907223E-02 a       928     0    62     1    13
  2.3752332385119607E-02 a       929     0    62     1    14
  4.7486333419476871E-04 a       930     0    62     1    15
 -1.8921260440946575E-01 a       931     0    63     1     1
 -1.3236138364470720E-01 a       932     0    63     1     2
 -1.9780730320308439E-02 a       933     0    63     1     3
  2.6229759944396402E-01 a       934     0    63     1     4
 -2.1912917969925345E-02 a       935     0    63     1     5
  3.1231375870575218E-01 a       936     0    63     1     6
  8.1479933459295817E-01 a       937     0    63     1     7
 -2.6552132659646947E-02 a       938     0    63     1     8
 -1.5440668656920600E-01 a       939     0    63     1     9
  3.6496252591858131E-03 a       940     0    63     1    10
 -5.7468141843727664E-02 a       941     0    63     1    11
 -1.9884289315556436E-01 a       942     0    63     1    12
 -3.3600409660531988E-02 a       943     0    63     1    13
 -3.5388818582852324E-02 a       944     0    63     1    14
  4.7766374810320950E-02 a       945     0    63     1    15
  1.1111484325867184E-01 a       946     0    64     1     1
 -1.8034232896756235E+00 a       947     0    64     1     2
 -1.1338684928544316E+00 a       948     0    64     1     3
 -1.1573424747565322E-01 a       949     0    64     1     4
 -6.7974884274166592E-02 a       950     0    64     1     5
 -4.3913192200200607E-01 a       951     0    64     1     6
 -1.6550518514924184E-01 a       952     0    64     1     7
  2.0315011932119723E-02 a       953     0    64     1     8
  2.2655943382645646E-02 a       954     0    64     1     9
  6.6940393028443970E-02 a       955     0    64     1    10
 -4.0566110327801996E-01 a       956     0    64     1    11
 -2.5855414413051326E-02 a       957     0    64     1    12
  8.4119556575091037E-01 a       958     0    64     1    13
  1.4647449734141221E-01 a       959     0    64     1    14
  6.6190327377407265E-02 a       960     0    64     1    15
  3.0641234980670645E-01 b       961     1     1
 -1.2058811184251657E+00 b       962     1     2
 -3.2354752979305029E-01 b       963     1     3
  1.6499398238109156E-01 b       964     1     4
 -2.6587073562347174E-01 b       965     1     5
 -1.3129747116529553E-01 b       966     1     6
 -1.0107151473743421E+00 b       967     1     7
 -3.4902133350327202E-01 b       968     1     8
 -3.7852020628861510E-01 b       969     1     9
  3.9121393520828468E-01 b       970     1    10
  1.0044467159962987E-01 b       971     1    11
 -2.4617542338401516E-01 b       972     1    12
  2.6370972529881148E-01 b       973     1    13
 -8.1707700359364355E-01 b       974     1    14
 -8.4088827397375415E-02 b       975     1    15
  6.9430259917179687E-02 a       976     1     1     2     1
 -5.4799032800941408E-02 a       977     1     1     2     2
  3.8188465227340340E-01 a       978     1     1     2     3
 -1.1083974778260937E+00 a       979     1     1     2     4
 -8.6884244542882161E-01 a       980     1     1     2     5
 -8.0243412202094688E-02 a       981     1     1     2     6
 -6.5897524330409507E-01 a       982     1     1     2     7
 -5.7233352385897662E-01 a       983     1     1     2     8
  4.2390753184313407E-01 a       984     1     1     2     9
 -9.7954011701218302E-01 a       985     1     1     2    10
  7.5469596375765768E-01 a       986     1     1     2    11
  1.3406485056098683E+00 a       987     1     1     2    12
 -5.3062721324523154E-01 a       988     1     1     2    13
 -3.9831992034291031E-01 a       989     1     1     2    14
  1.1730606894578512E-01 a       990     1     1     2    15
  2.3265647748773238E-01 a       991     1     2     2     1
  2.5996441936701564E-01 a       992     1     2     2     2
  2.6770726745229878E-01 a       993     1     2     2     3
  6.5322572443894367E-01 a       994     1     2     2     4
  3.3628748288325666E-01 a       995     1     2     2     5
  2.1623296545534663E-02 a       996     1     2     2     6
  8.0321869607792185E-01 a       997     1     2     2     7
  2.0873723260233620E-01 a       998     1     2     2     8
 -2.0429210508980200E-01 a       999     1     2     2     9
  3.4495250900271314E-02 a      1000     1     2     2    10
 -1.2760797232542861E-01 a      1001     1     2     2    11
 -1.2567770600055137E+00 a      1002     1     2     2    12
 -4.1243597209075014E-02 a      1003     1     2     2    13
 -7.6012482860738806E-01 a      1004     1     2     2    14
 -9.1151943984300071E-02 a      1005     1     2     2    15
  2.3319148912197388E-01 a      1006     1     3     2     1
 -3.3189502320621278E-01 a      1007     1     3     2     2
 -5.4225952429762359E-01 a      1008     1     3     2     3
 -7.0381551207233528E-01 a      1009     1     3     2     4
  5.5791568451207540E-01 a      1010     1     3     2     5
 -3.6098881714191004E-02 a      1011     1     3     2     6
 -7.8547610549898172E-02 a      1012     1     3     2     7
  2.8803824789540344E-01 a      1013     1     3     2     8
 -3.8585551109191063E-01 a      1014     1     3     2     9
 -2.6635011092242228E-01 a      1015     1     3     2    10
 -5.5714418904074792E-01 a      1016     1     3     2    11
  2.2934967763926823E+00 a      1017     1     3     2    12
 -7.9926136508563628E-01 a      1018     1     3     2    13
 -4.1698444547046459E-01 a      1019     1     3     2    14
 -3.0266898771887829E-01 a      1020     1     3     2    15
 -4.0071758579137284E-01 a      1021     1     4     2     1
  1.6188251242909565E-02 a      1022     1     4     2     2
  3.9843373892786837E-01 a      1023     1     4     2     3
  1.5363714841391909E-01 a      1024     1     4     2     4
  5.5245568660789368E-01 a      1025     1     4     2     5
 -9.2059075734118723E-01 a      1026     1     4     2     6
 -2.4063643917226638E-01 a      1027     1     4     2     7
 -5.6655017279807811E-02 a      1028     1     4     2     8
  1.8993420504265024E-01 a      1029     1     4     2     9
  2.7903731122195963E-01 a      1030     1     4     2    10
 -1.0515297109229137E-01 a      1031     1     4     2    11
 -3.4862861121340921E-01 a      1032     1     4     2    12
 -7.2697923006988829E-01 a      1033     1     4     2    13
 -1.6190834550505689E-01 a      1034     1     4     2    14
  7.8554320318420467E-02 a      1035     1     4     2    15
 -3.7541980296660404E-01 a      1036     1     5     2     1
 -5.7110805734271974E-01 a      1037     1     5     2     2
 -9.0679285129761977E-01 a      1038     1     5     2     3
 -1.2454250100957274E+00 a      1039     1     5     2     4
 -3.4775290606013520E+00 a      1040     1     5     2     5
 -2.4139179949996836E+00 a      1041     1     5     2     6
  5.4197248594643241E-02 a      1042     1     5     2     7
 -9.3766106091789689E-02 a      1043     1     5     2     8
 -3.1470919686996990E-01 a      1044     1     5     2     9
  7.2729618292094234E-01 a      1045     1     5     2    10
  5.0129177921245649E-01 a      1046     1     5     2    11
 -1.5177527114341186E-01 a      1047     1     5     2    12
  1.8573121310161318E+00 a      1048     1     5     2    13
 -1.4214467062167433E+00 a      1049     1     5     2    14
 -1.1176274165652620E+00 a      1050     1     5     2    15
 -6.6551623279925443E-01 a      1051     1     6     2     1
 -4.1783850197311667E-01 a      1052     1     6     2     2
  4.2255599136197314E-01 a      1053     1     6     2     3
  6.4333701628314677E-01 a      1054     1     6     2     4
  1.4165867191876564E+00 a      1055     1     6     2     5
  3.5591111575364354E-01 a      1056     1     6     2     6
 -2.9731477822897523E-01 a      1057     1     6     2     7
 -1.7571458603060675E-01 a      1058     1     6     2     8
  3.3470251561270670E-01 a      1059     1     6     2     9
  9.1790092137265133E-02 a      1060     1     6     2    10
 -7.8663868451534358E-01 a      1061     1     6     2    11
 -6.2371926319890658E-01 a      1062     1     6     2    12
 -1.1904439355082397E+00 a      1063     1     6     2    13
 -4.3315717878947002E-01 a      1064     1     6     2    14
  1.0458288897860719E+00 a      1065     1     6     2    15
  5.6118569437976315E-02 a      1066     1     7     2     1
 -8.0961962876818327E-01 a      1067     1     7     2     2
  6.0450889124430474E-01 a      1068     1     7     2     3
 -5.6640413501734566E-01 a      1069     1     7     2     4
 -9.2768365850396151E-01 a      1070     1     7     2     5
  5.0058821205694082E-01 a      1071     1     7     2     6
 -6.0730253743775398E-01 a      1072     1     7     2     7
 -5.7716840727831720E-01 a      1073     1     7     2     8
  7.1694210714368622E-01 a      1074     1     7     2     9
 -1.5464489396481478E+00 a      1075     1     7     2    10
 -3.9932747293605036E-01 a      1076     1     7     2    11
  1.4035597517481153E+00 a      1077     1     7     2    12
  9.9069879437703079E-01 a      1078     1     7     2    13
 -1.2581217598198229E+00 a      1079     1     7     2    14
 -1.8615712419262984E+00 a      1080     1     7     2    15
 -3.4783762527679202E-01 a      1081     1     8     2     1
 -7.4237071388805209E-01 a      1082     1     8     2     2
 -5.7818661012829642E-01 a      1083     1     8     2     3
 -8.4093222800089140E-01 a      1084     1     8     2     4
 -2.7748014084703980E+00 a      1085     1     8     2     5
  1.0562853718075420E-01 a      1086     1     8     2     6
 -6.1892887120974571E-01 a      1087     1     8     2     7
 -5.5110828032826136E-03 a      1088     1     8     2     8
 -8.9807036381844907E-01 a      1089     1     8     2     9
  4.0879486846837898E-01 a      1090     1     8     2    10
  3.0517803637247970E-01 a      1091     1     8     2    11
  1.2432869474488556E-01 a      1092     1     8     2    12
  1.4948058736493952E+00 a      1093     1     8     2    13
 -8.8693023459757858E-01 a      1094     1     8     2    14
 -3.6018247282237409E-01 a      1095     1     8     2    15
 -5.4177616308959931E-01 a      1096     1     9     2     1
 -4.1810343035501274E-01 a      1097     1     9     2     2
  3.4551931933744973E-01 a      1098     1     9     2     3
 -1.7659459797300189E-01 a      1099     1     9     2     4
  4.0205965684326234E-01 a      1100     1     9     2     5
  3.1937018548812934E-01 a      1101     1     9     2     6
 -8.0724698639809678E-01 a      1102     1     9     2     7
  1.0016269501914365E-01 a      1103     1     9     2     8
  9.0108556355426084E-02 a      1104     1     9     2     9
 -6.0344467156506709E-01 a      1105     1     9     2    10
  2.7847668971031331E-01 a      1106     1     9     2    11
  4.7566345752190087E-01 a      1107     1     9     2    12
 -3.3469046755333581E-01 a      1108     1     9     2    13
  1.6623807201393850E-02 a      1109     1     9     2    14
 -1.7456978454520816E-01 a      1110     1     9     2    15
  7.5998299408086067E-01 a      1111     1    10     2     1
  8.1439413297135177E-01 a      1112     1    10     2     2
  5.2612729077926423E-01 a      1113     1    10     2     3
  8.5168630954805846E-01 a      1114     1    10     2     4
 -1.6044920140729675E+00 a      1115     1    10     2     5
 -3.4376439666328383E-02 a      1116     1    10     2     6
  2.0185369580771576E-01 a      1117     1    10     2     7
 -3.3895969435510653E-01 a      1118     1    10     2     8
  5.4896022689435853E-01 a      1119     1    10     2     9
  5.9185939800704557E-01 a      1120     1    10     2    10
  5.9569781290342162E-02 a      1121     1    10     2    11
 -1.8733978677492913E+00 a      1122     1    10     2    12
  1.5124207310464581E+00 a      1123     1    10     2    13
 -3.3913524304813530E-01 a      1124     1    10     2    14
  4.8956287530581738E-01 a      1125     1    10     2    15
 -2.0539473341200123E-01 a      1126     1    11     2     1
 -5.7016510214469318E-01 a      1127     1    11     2     2
 -5.7554460018858911E-01 a      1128     1    11     2     3
 -6.8879781913776261E-01 a      1129     1    11     2     4
  1.5369834661136897E-01 a      1130     1    11     2     5
 -3.7423785952864225E-01 a      1131     1    11     2     6
  7.1463994230672978E-01 a      1132     1    11     2     7
 -4.4440560615334512E-01 a      1133     1    11     2     8
  5.2945481358025792E-01 a      1134     1    11     2     9
  7.8432010246830530E-01 a      1135     1    11     2    10
 -3.2262136879291164E-02 a      1136     1    11     2    11
  1.6733789772820367E+00 a      1137     1    11     2    12
 -2.1688421269137831E-01 a      1138     1    11     2    13
  4.6887436510394420E-01 a      1139     1    11     2    14
  1.6778985137439745E-01 a      1140     1    11     2    15
  3.2080726557256611E-01 a      1141     1    12     2     1
  3.6375429361403622E-01 a      1142     1    12     2     2
  1.8448261912033966E-02 a      1143     1    12     2     3
 -3.6533402653415487E-01 a      1144     1    12     2     4
 -8.2140318498214471E-01 a      1145     1    12     2     5
  1.4199227716702081E+00 a      1146     1    12     2     6
 -3.5352683230630066E-01 a      1147     1    12     2     7
  5.3858875970346706E-02 a      1148     1    12     2     8
 -8.5449724698807639E-01 a      1149     1    12     2     9
 -3.7022307716220358E-02 a      1150     1    12     2    10
  4.2790141707602170E-01 a      1151     1    12     2    11
 -3.3332288269050192E-01 a      1152     1    12     2    12
  8.4081165857627715E-01 a      1153     1    12     2    13
 -3.8853832592798287E-02 a      1154     1    12     2    14
 -2.3654420207268820E-01 a      1155     1    12     2    15
  5.6428552934322962E-01 a      1156     1    13     2     1
  4.5522996358618112E-01 a      1157     1    13     2     2
 -1.7849651011976050E-01 a      1158     1    13     2     3
  4.0564400438564352E-01 a      1159     1    13     2     4
 -5.2324784184371054E-01 a      1160     1    13     2     5
  7.3402844031681913E-01 a      1161     1    13     2     6
  1.8535427081783637E-01 a      1162     1    13     2     7
 -1.2720647796070311E-01 a      1163     1    13     2     8
 -2.1076509457876022E-01 a      1164     1    13     2     9
 -4.9018622221955591E-02 a      1165     1    13     2    10
 -5.2457243725588210E-01 a      1166     1    13     2    11
 -3.1704422184451730E-01 a      1167     1    13     2    12
  3.8810340548284483E-01 a      1168     1    13     2    13
  1.5497513788956687E+00 a      1169     1    13     2    14
 -9.3298575676853679E-01 a      1170     1    13     2    15
  4.9741564677173888E-01 a      1171     1    14     2     1
  7.0090037642392478E-01 a      1172     1    14     2     2
 -2.0730615593991453E-01 a      1173     1    14     2     3
 -5.0110896051083142E-01 a      1174     1    14     2     4
  9.8503847083561913E-02 a      1175     1    14     2     5
  1.2251773137125536E-01 a      1176     1    14     2     6
 -3.5405126601937287E-02 a      1177     1    14     2     7
  2.0411422424954079E-01 a      1178     1    14     2     8
 -4.8262176142431901E-01 a      1179     1    14     2     9
  8.6974725322341051E-01 a      1180     1    14     2    10
  6.5093482504244782E-01 a      1181     1    14     2    11
  8.2353689731191879E-02 a      1182     1    14     2    12
  3.1238226149807968E-01 a      1183     1    14     2    13
 -2.0193061493206152E-01 a      1184     1    14     2    14
  6.1870342516423982E-01 a      1185     1    14     2    15
  6.1211008433764091E-01 a      1186     1    15     2     1
  6.1268390474635637E-01 a      1187     1    15     2     2
  4.4763274396182523E-01 a      1188     1    15     2     3
 -2.2175275859794544E-01 a      1189     1    15     2     4
  9.5419166368398922E-01 a      1190     1    15     2     5
  3.2149418198091462E-01 a      1191     1    15     2     6
 -1.2163232351705967E-01 a      1192     1    15     2     7
  4.9923282359556881E-01 a      1193     1    15     2     8
  8.1138482498347086E-01 a      1194     1    15     2     9
 -3.6395553188736740E-01 a      1195     1    15     2    10
  1.0620054408953870E+00 a      1196     1    15     2    11
 -1.5149657526940794E+00 a      1197     1    15     2    12
  4.6333131819731543E-01 a      1198     1    15     2    13
 -1.7868377454795057E+00 a      1199     1    15     2    14
  1.6974333142382796E+00 a      1200     1    15     2    15
  3.6807978294862376E-01 b      1201     2     1
  8.1122127474764016E-01 b      1202     2     2
  1.2114301857542404E+00 b      1203     2     3
  5.6457065655822025E-01 b      1204     2     4
  2.6053788388689370E+00 b      1205     2     5
  1.5682730601795547E+00 b      1206     2     6
  1.6388685297887606E-01 b      1207     2     7
  3.3791360094423245E-01 b      1208     2     8
 -1.2398134229891009E+00 b      1209     2     9
 -1.2381119025994183E-01 b      1210     2    10
 -4.2474656732495764E-01 b      1211     2    11
 -9.8886967840435258E-01 b      1212     2    12
 -1.7634330236024642E-01 b      1213     2    13
  1.1236232541172704E+00 b      1214     2    14
 -1.2152093453824335E-01 b      1215     2    15
  6.2990929130963758E-01 a      1216     2     1     3     1
 -6.3588983060164594E-01 a      1217     2     2     3     1
 -8.3734747661107212E-01 a      1218     2     3     3     1
  7.2599713502670427E-01 a      1219     2     4     3     1
  1.9156273539703045E-01 a      1220     2     5     3     1
 -1.5275263495852884E-01 a      1221     2     6     3     1
 -3.9342070644194843E-01 a      1222     2     7     3     1
 -1.0311437019735372E+00 a      1223     2     8     3     1
 -3.7945906625002723E-01 a      1224     2     9     3     1
  1.8418619744773856E-01 a      1225     2    10     3     1
  7.0358501363874837E-01 a      1226     2    11     3     1
 -1.4675131810846490E-01 a      1227     2    12     3     1
 -2.8028432410893439E-01 a      1228     2    13     3     1
 -1.7875874059109287E-01 a      1229     2    14     3     1
 -2.4455452846185877E-01 a      1230     2    15     3     1
  8.4842296268919271E-01 b      1231     3     1
