################################################################################
# Neural network connection values (weights and biases).
################################################################################
# Col  Name       Description
################################################################################
# 1    connection Neural network connection value.
# 2    t          Connection type (a = weight, b = bias).
# 3    index      Index enumerating weights.
# 4    l_s        Starting point layer (end point layer for biases).
# 5    n_s        Starting point neuron in starting layer (end point neuron for biases).
# 6    l_e        End point layer.
# 7    n_e        End point neuron in end layer.
################################################################################
#                      1 2         3     4     5     6     7
#             connection t     index   l_s   n_s   l_e   n_e
############################################################
 -5.9179671673190648E-01 a         1     0     1     1     1
 -9.6784141900202825E-01 a         2     0     1     1     2
  1.5399668444874934E+00 a         3     0     1     1     3
  2.6723750473417701E-01 a         4     0     1     1     4
  9.3573976678023452E-01 a         5     0     1     1     5
 -5.5702713247641290E-02 a         6     0     1     1     6
  1.5059770806524473E+00 a         7     0     1     1     7
  3.1600410691297759E-01 a         8     0     1     1     8
  4.7278868789691725E-01 a         9     0     1     1     9
  3.1766533066044267E-01 a        10     0     1     1    10
  3.8594780478046514E-01 a        11     0     1     1    11
 -5.8036909162553629E-01 a        12     0     1     1    12
 -1.1446011163327592E+00 a        13     0     1     1    13
 -1.4791076263609690E-01 a        14     0     1     1    14
  1.5072796518663789E-01 a        15     0     1     1    15
  2.4982557915767514E-01 a        16     0     2     1     1
  4.8084334810468039E-02 a        17     0     2     1     2
  4.7235638268863303E-03 a        18     0     2     1     3
 -4.7850925608350464E-01 a        19     0     2     1     4
 -5.3097505292235914E-01 a        20     0     2     1     5
 -1.1994484215051162E+00 a        21     0     2     1     6
 -1.0616484644166648E+00 a        22     0     2     1     7
  2.6704974418146426E-03 a        23     0     2     1     8
  1.8014673985218863E-01 a        24     0     2     1     9
 -1.6076797296200400E+00 a        25     0     2     1    10
 -6.2041540604843637E-01 a        26     0     2     1    11
  8.3316132907743967E-01 a        27     0     2     1    12
  1.4657041268902526E+00 a        28     0     2     1    13
 -1.0514019426728416E+00 a        29     0     2     1    14
  7.6095537006533143E-01 a        30     0     2     1    15
 -4.3724149885127170E-02 a        31     0     3     1     1
  2.1144610556058910E-01 a        32     0     3     1     2
  2.6195819228287315E-01 a        33     0     3     1     3
 -2.8790406366913829E-01 a        34     0     3     1     4
 -1.7794654322897882E-01 a        35     0     3     1     5
 -3.5452165698953364E-01 a        36     0     3     1     6
  9.1295633214085214E-01 a        37     0     3     1     7
 -3.6184003664576198E-01 a        38     0     3     1     8
 -2.2806082961564517E-01 a        39     0     3     1     9
  9.5052093268506022E-01 a        40     0     3     1    10
  9.6772358268122860E-02 a        41     0     3     1    11
 -1.0558490810782009E-01 a        42     0     3     1    12
  6.1960882307199039E-01 a        43     0     3     1    13
  6.8269600502287375E-01 a        44     0     3     1    14
 -1.2738023863797558E+00 a        45     0     3     1    15
 -4.9267262909216669E-01 a        46     0     4     1     1
  1.6034878333634434E-01 a        47     0     4     1     2
 -1.8164449623329337E-01 a        48     0     4     1     3
  1.2937160654634790E-02 a        49     0     4     1     4
 -1.4526396638888506E+00 a        50     0     4     1     5
 -9.8978878238145263E-01 a        51     0     4     1     6
  1.3318630708473392E-01 a        52     0     4     1     7
 -2.2049968881993462E-01 a        53     0     4     1     8
  5.4015067371517220E-02 a        54     0     4     1     9
 -1.1767351893828211E+00 a        55     0     4     1    10
  1.0398459216241285E-01 a        56     0     4     1    11
  2.0998569238169337E-01 a        57     0     4     1    12
  1.5920702274371281E+00 a        58     0     4     1    13
 -1.1555306566509230E-01 a        59     0     4     1    14
  5.4763586424205546E-01 a        60     0     4     1    15
  3.6226169854794976E-01 a        61     0     5     1     1
  1.5763892475883443E+00 a        62     0     5     1     2
 -9.5435767842392605E-01 a        63     0     5     1     3
 -4.6210308621918349E-02 a        64     0     5     1     4
 -6.7446590558846026E-02 a        65     0     5     1     5
  1.2475981428605467E+00 a        66     0     5     1     6
 -3.2709141881677323E-01 a        67     0     5     1     7
  1.1158248752358244E-01 a        68     0     5     1     8
  1.8386265670464644E-02 a        69     0     5     1     9
 -7.0826393823182426E-02 a        70     0     5     1    10
  8.4577115775080525E-01 a        71     0     5     1    11
  1.2895301303140061E+00 a        72     0     5     1    12
  4.0594181961031107E-03 a        73     0     5     1    13
  2.3135155219449940E-01 a        74     0     5     1    14
 -7.9090903426184156E-01 a        75     0     5     1    15
  5.7281180733410908E-01 a        76     0     6     1     1
 -2.9677029803955490E-01 a        77     0     6     1     2
 -3.3463696234304713E-01 a        78     0     6     1     3
  3.9367808462849935E-01 a        79     0     6     1     4
 -1.2917270019680536E+00 a        80     0     6     1     5
 -6.3866829335433459E-02 a        81     0     6     1     6
 -1.0547363344687479E+00 a        82     0     6     1     7
  1.5899130474050971E-01 a        83     0     6     1     8
 -4.2043058376121495E-01 a        84     0     6     1     9
 -8.9657375120487226E-01 a        85     0     6     1    10
  4.4836263733489373E-01 a        86     0     6     1    11
  2.0224385587376389E-01 a        87     0     6     1    12
  8.4143752654880299E-01 a        88     0     6     1    13
  6.5513562763349673E-02 a        89     0     6     1    14
  5.4115058946324002E-01 a        90     0     6     1    15
  1.1541243297386854E+00 a        91     0     7     1     1
  2.1328400740048856E-01 a        92     0     7     1     2
 -1.5977837108885995E+00 a        93     0     7     1     3
 -8.8712741332019818E-01 a        94     0     7     1     4
 -9.4487870749249181E-01 a        95     0     7     1     5
  4.7854892007979138E-01 a        96     0     7     1     6
 -1.7039665864323383E+00 a        97     0     7     1     7
 -3.1382624694155686E-01 a        98     0     7     1     8
  3.5794518240919213E-02 a        99     0     7     1     9
 -2.0898203610379587E-01 a       100     0     7     1    10
 -5.6284602921067406E-01 a       101     0     7     1    11
 -5.0810259594449858E-01 a       102     0     7     1    12
  1.1932854234579504E+00 a       103     0     7     1    13
  9.9317226503301304E-01 a       104     0     7     1    14
  6.3983266911057879E-01 a       105     0     7     1    15
 -1.1160216809897816E+00 a       106     0     8     1     1
  3.7471296712439967E-01 a       107     0     8     1     2
  1.4989034759219219E-01 a       108     0     8     1     3
  1.0208614315875890E+00 a       109     0     8     1     4
 -3.8902642246224078E-01 a       110     0     8     1     5
  6.7637255213666758E-01 a       111     0     8     1     6
 -4.9214542100497588E-01 a       112     0     8     1     7
  1.3148079082207553E+00 a       113     0     8     1     8
 -2.5431260886850821E-01 a       114     0     8     1     9
 -6.0831270711332035E-02 a       115     0     8     1    10
  9.6224187892424584E-01 a       116     0     8     1    11
 -5.1658268456486289E-01 a       117     0     8     1    12
 -1.1940351406639240E+00 a       118     0     8     1    13
  1.4232711552595317E-01 a       119     0     8     1    14
  4.1974266587386622E-01 a       120     0     8     1    15
 -7.2986222741446094E-01 a       121     0     9     1     1
 -4.9375777648157523E-02 a       122     0     9     1     2
 -1.3477483116175559E-01 a       123     0     9     1     3
  1.1232018617510455E+00 a       124     0     9     1     4
 -4.5949431039618066E-01 a       125     0     9     1     5
 -6.0273964085254239E-01 a       126     0     9     1     6
 -4.6230449092784370E-01 a       127     0     9     1     7
 -6.8381059918961484E-02 a       128     0     9     1     8
  7.8715251480001702E-01 a       129     0     9     1     9
 -3.9848581879161610E-01 a       130     0     9     1    10
 -2.2279212985798519E-02 a       131     0     9     1    11
  2.2584555224943489E-01 a       132     0     9     1    12
  7.0664438238591054E-01 a       133     0     9     1    13
  2.2590317580060637E-01 a       134     0     9     1    14
  1.0689921108902041E+00 a       135     0     9     1    15
 -6.4297261335421990E-02 a       136     0    10     1     1
  4.2610739564114530E-01 a       137     0    10     1     2
  1.9638171157323597E-01 a       138     0    10     1     3
 -1.7154255979118999E-01 a       139     0    10     1     4
  9.2264542122216442E-01 a       140     0    10     1     5
 -4.9158209437803591E-01 a       141     0    10     1     6
  7.2684811843646002E-01 a       142     0    10     1     7
  1.2652261706539807E+00 a       143     0    10     1     8
  9.9677894219948118E-02 a       144     0    10     1     9
  2.1839460509362131E-03 a       145     0    10     1    10
  6.7723736002867863E-01 a       146     0    10     1    11
  5.8577594867532015E-02 a       147     0    10     1    12
 -6.7384295727733357E-01 a       148     0    10     1    13
  6.8470807398560674E-01 a       149     0    10     1    14
 -2.2493277450925876E-02 a       150     0    10     1    15
 -7.0427154765302102E-01 a       151     0    11     1     1
 -1.0413483970283715E+00 a       152     0    11     1     2
  1.0565712162077627E+00 a       153     0    11     1     3
  8.5309351129521405E-01 a       154     0    11     1     4
  9.4517704381233747E-01 a       155     0    11     1     5
 -1.1638163032154082E-01 a       156     0    11     1     6
  9.3706372217156786E-01 a       157     0    11     1     7
  2.7485837962734477E-01 a       158     0    11     1     8
  5.7780979942957655E-01 a       159     0    11     1     9
 -1.2845296386997551E+00 a       160     0    11     1    10
  6.2890604070746803E-01 a       161     0    11     1    11
  1.4604276454145029E-01 a       162     0    11     1    12
 -7.0599285009809376E-01 a       163     0    11     1    13
 -1.9382172449230031E+00 a       164     0    11     1    14
  1.1155846508461859E-01 a       165     0    11     1    15
 -1.8845673694755447E-01 a       166     0    12     1     1
 -1.0747753951174770E+00 a       167     0    12     1     2
 -5.4831949064019676E-02 a       168     0    12     1     3
 -8.1025783158969378E-01 a       169     0    12     1     4
  2.1047196198531406E+00 a       170     0    12     1     5
  5.2807231766012541E-01 a       171     0    12     1     6
 -4.0926559741018320E-01 a       172     0    12     1     7
 -1.1719279788494281E+00 a       173     0    12     1     8
 -3.4137208695933102E-01 a       174     0    12     1     9
  2.2250904407802630E-01 a       175     0    12     1    10
 -2.2601743476956543E-01 a       176     0    12     1    11
  4.3057665011478022E-02 a       177     0    12     1    12
 -1.7123581567290682E+00 a       178     0    12     1    13
 -4.4952045548269887E-01 a       179     0    12     1    14
  4.2711493771715564E-01 a       180     0    12     1    15
 -7.6314672043139506E-02 a       181     0    13     1     1
 -1.3600477545923375E+00 a       182     0    13     1     2
  6.3588618120639073E-01 a       183     0    13     1     3
 -2.0471621782671896E+00 a       184     0    13     1     4
 -1.4907904645828951E+00 a       185     0    13     1     5
 -1.0203926187507673E+00 a       186     0    13     1     6
 -1.2963626874694345E-01 a       187     0    13     1     7
 -3.2095733232293183E-01 a       188     0    13     1     8
 -8.8399340399647131E-01 a       189     0    13     1     9
  3.3620062406218025E+00 a       190     0    13     1    10
  3.2409082310675574E-01 a       191     0    13     1    11
 -3.3311719407863025E-02 a       192     0    13     1    12
 -1.2930844983936820E-02 a       193     0    13     1    13
  3.1402403379917171E-01 a       194     0    13     1    14
 -8.0180461288576399E-01 a       195     0    13     1    15
  1.6056390054606767E-01 a       196     0    14     1     1
 -6.9485163762270630E-01 a       197     0    14     1     2
 -7.2207650437734849E-01 a       198     0    14     1     3
  2.2518067983561747E+00 a       199     0    14     1     4
 -1.2303284034204316E+00 a       200     0    14     1     5
  5.0407768860017832E-01 a       201     0    14     1     6
  5.9347743701200018E-01 a       202     0    14     1     7
  5.1583030095795712E-01 a       203     0    14     1     8
  4.3834341937623172E-01 a       204     0    14     1     9
 -3.9137080370829230E-01 a       205     0    14     1    10
 -7.8380383164869172E-01 a       206     0    14     1    11
 -1.8845118610506201E-01 a       207     0    14     1    12
  1.7307613237562010E+00 a       208     0    14     1    13
  7.9326314076138799E-02 a       209     0    14     1    14
 -1.1278707199265476E+00 a       210     0    14     1    15
 -4.7660722852906662E-01 a       211     0    15     1     1
  8.3409222866597543E-01 a       212     0    15     1     2
  1.0069675170167351E+00 a       213     0    15     1     3
  2.3272756550330294E+00 a       214     0    15     1     4
  1.1214067164820736E+00 a       215     0    15     1     5
  5.0185362831428082E-01 a       216     0    15     1     6
  1.6324872401245144E-01 a       217     0    15     1     7
 -1.2484389912304401E-02 a       218     0    15     1     8
  5.8007483652219194E-01 a       219     0    15     1     9
 -2.9708361239373269E+00 a       220     0    15     1    10
 -4.0209348989291860E-01 a       221     0    15     1    11
  2.3757978517032724E-01 a       222     0    15     1    12
 -2.8490905495813695E-01 a       223     0    15     1    13
  7.3480170059349614E-01 a       224     0    15     1    14
  1.6879297655918760E-01 a       225     0    15     1    15
  6.2513184425589774E-01 a       226     0    16     1     1
  3.9017870054424308E-01 a       227     0    16     1     2
 -1.3864318905443587E-01 a       228     0    16     1     3
 -4.5659257243647522E-01 a       229     0    16     1     4
  2.8745561792113095E-01 a       230     0    16     1     5
 -6.3600223082813712E-01 a       231     0    16     1     6
 -2.6400436175490333E-01 a       232     0    16     1     7
 -2.4641563158506716E-01 a       233     0    16     1     8
  5.3272925291424848E-02 a       234     0    16     1     9
 -3.3465473937936580E-01 a       235     0    16     1    10
  1.5110118376048254E-01 a       236     0    16     1    11
  1.7503571177171642E-01 a       237     0    16     1    12
 -5.0732395510012296E-01 a       238     0    16     1    13
 -5.1438888162786460E-02 a       239     0    16     1    14
  6.2557202632568443E-01 a       240     0    16     1    15
  8.9241011630592082E-01 a       241     0    17     1     1
 -2.8564956348830495E-01 a       242     0    17     1     2
  1.3022771513635978E-01 a       243     0    17     1     3
 -2.3182394712931240E-01 a       244     0    17     1     4
 -3.4086383904331286E-01 a       245     0    17     1     5
 -1.5911699351765245E+00 a       246     0    17     1     6
 -5.4603528540372803E-01 a       247     0    17     1     7
  2.2800975186282613E-01 a       248     0    17     1     8
  9.1447744112179441E-01 a       249     0    17     1     9
 -4.7807097673686194E-01 a       250     0    17     1    10
  1.3525599090413298E-01 a       251     0    17     1    11
  3.1490215374533431E-01 a       252     0    17     1    12
  2.7975644467841876E-01 a       253     0    17     1    13
  7.4047336772459804E-01 a       254     0    17     1    14
 -4.5801646815705810E-01 a       255     0    17     1    15
 -5.8901942303181853E-01 a       256     0    18     1     1
  7.7410189312563826E-01 a       257     0    18     1     2
 -9.3569850511471875E-02 a       258     0    18     1     3
  7.4246423343003787E-01 a       259     0    18     1     4
  7.7231230093927239E-01 a       260     0    18     1     5
 -3.6907144755938287E-02 a       261     0    18     1     6
  2.1801863033411339E-01 a       262     0    18     1     7
  2.8854507399581752E-01 a       263     0    18     1     8
 -2.0043707766081137E-02 a       264     0    18     1     9
  2.4392423436800212E-01 a       265     0    18     1    10
  6.0436053857525329E-01 a       266     0    18     1    11
  7.3507430042049282E-01 a       267     0    18     1    12
  3.0515201534554087E-01 a       268     0    18     1    13
  3.0481953308032839E-01 a       269     0    18     1    14
 -7.8961406813170643E-01 a       270     0    18     1    15
  5.0382903190208161E-01 a       271     0    19     1     1
 -9.9283983768193018E-01 a       272     0    19     1     2
 -1.7549239832979296E-01 a       273     0    19     1     3
  4.9359246302861615E-01 a       274     0    19     1     4
  1.8781733377412111E+00 a       275     0    19     1     5
  2.9161560587600699E-01 a       276     0    19     1     6
 -5.3847821019908382E-01 a       277     0    19     1     7
  2.5976386197167772E-01 a       278     0    19     1     8
 -9.0223444489705873E-02 a       279     0    19     1     9
  9.2693370061965463E-01 a       280     0    19     1    10
  4.8791705070375152E-01 a       281     0    19     1    11
 -2.4110077904420932E-01 a       282     0    19     1    12
  1.0443028791858615E+00 a       283     0    19     1    13
  2.0543342650746069E-01 a       284     0    19     1    14
  4.4417805435633689E-01 a       285     0    19     1    15
 -6.3601086579421440E-01 a       286     0    20     1     1
  5.2135604536410664E-03 a       287     0    20     1     2
 -7.8029258184005112E-01 a       288     0    20     1     3
  6.8752922149756668E-01 a       289     0    20     1     4
 -5.2494508894893521E-01 a       290     0    20     1     5
 -6.7019543870847176E-01 a       291     0    20     1     6
 -1.0169128582293288E+00 a       292     0    20     1     7
 -3.4578657722251666E-01 a       293     0    20     1     8
 -9.8578534470572354E-01 a       294     0    20     1     9
 -5.9280357433902842E-01 a       295     0    20     1    10
 -8.4663923815031128E-01 a       296     0    20     1    11
 -1.5604275225551206E-01 a       297     0    20     1    12
 -3.0748942263477896E-01 a       298     0    20     1    13
 -8.6585308242214187E-01 a       299     0    20     1    14
  5.9993635634648490E-01 a       300     0    20     1    15
 -5.1243298079833677E-01 a       301     0    21     1     1
 -5.6236592685338638E-01 a       302     0    21     1     2
  2.4305079407146984E-01 a       303     0    21     1     3
  8.3240342428239988E-01 a       304     0    21     1     4
 -4.7085618312930433E-01 a       305     0    21     1     5
  4.2263514472761121E-01 a       306     0    21     1     6
 -1.1950184619579549E+00 a       307     0    21     1     7
  5.2940152776136840E-01 a       308     0    21     1     8
 -7.7831424655222181E-01 a       309     0    21     1     9
 -6.5092091505088201E-01 a       310     0    21     1    10
 -1.0013069738215916E+00 a       311     0    21     1    11
 -1.7753289038820530E-01 a       312     0    21     1    12
  8.3279307497675159E-01 a       313     0    21     1    13
 -1.3009503332224959E+00 a       314     0    21     1    14
 -4.0840327817659194E-01 a       315     0    21     1    15
  5.8973995635025123E-01 a       316     0    22     1     1
  9.2933606245029876E-01 a       317     0    22     1     2
 -1.0759739297421027E+00 a       318     0    22     1     3
 -8.0851623853323706E-01 a       319     0    22     1     4
  1.3365215103496422E+00 a       320     0    22     1     5
 -5.5334456569717327E-01 a       321     0    22     1     6
  9.6794004855860538E-01 a       322     0    22     1     7
 -6.2043434984780788E-01 a       323     0    22     1     8
  5.1147705231118341E-02 a       324     0    22     1     9
 -7.2674081964755902E-02 a       325     0    22     1    10
  5.2063553859034928E-01 a       326     0    22     1    11
 -9.3854237943886409E-01 a       327     0    22     1    12
 -2.8717739003366893E-01 a       328     0    22     1    13
 -1.0629506246922983E-01 a       329     0    22     1    14
  3.9957884632020274E-01 a       330     0    22     1    15
  3.5557627881468352E-03 a       331     0    23     1     1
 -7.7428774103823661E-01 a       332     0    23     1     2
  5.6251584203986060E-01 a       333     0    23     1     3
 -1.2496172473558667E-01 a       334     0    23     1     4
  7.5818732979447157E-01 a       335     0    23     1     5
 -5.2994721814744272E-01 a       336     0    23     1     6
  6.3707935389921178E-01 a       337     0    23     1     7
 -9.8713799650981024E-02 a       338     0    23     1     8
 -1.6569060709241412E-01 a       339     0    23     1     9
  1.8166976707032478E-01 a       340     0    23     1    10
  1.0774021732996928E+00 a       341     0    23     1    11
 -3.3990182473560482E-01 a       342     0    23     1    12
  4.3410783786980683E-02 a       343     0    23     1    13
 -2.1462302613053716E-01 a       344     0    23     1    14
 -5.0962377063757669E-01 a       345     0    23     1    15
  1.3346161583507370E+00 a       346     0    24     1     1
 -1.8946000618112371E-01 a       347     0    24     1     2
 -1.0176244121050941E-02 a       348     0    24     1     3
 -3.8536616846982336E-01 a       349     0    24     1     4
  5.9341349198615456E-01 a       350     0    24     1     5
  5.4376520411283276E-02 a       351     0    24     1     6
 -3.6556029803115936E-01 a       352     0    24     1     7
  3.2818001146940573E-01 a       353     0    24     1     8
  5.9601003178094469E-01 a       354     0    24     1     9
 -1.2078619712448893E+00 a       355     0    24     1    10
 -3.6665074408202103E-01 a       356     0    24     1    11
 -3.5420886158953524E-01 a       357     0    24     1    12
  1.1632610865109156E+00 a       358     0    24     1    13
  6.2223386228307927E-02 a       359     0    24     1    14
  1.5400751565590448E-02 a       360     0    24     1    15
  4.1528709174188561E-01 a       361     0    25     1     1
 -7.0443134046726086E-01 a       362     0    25     1     2
 -9.8016408843572041E-03 a       363     0    25     1     3
  4.8944123958575325E-01 a       364     0    25     1     4
  7.7071732189228342E-03 a       365     0    25     1     5
 -8.1570533725319183E-01 a       366     0    25     1     6
 -4.1802388304855603E-01 a       367     0    25     1     7
 -5.1891951502626862E-02 a       368     0    25     1     8
  2.3026574994906446E-01 a       369     0    25     1     9
  7.5460070097710730E-01 a       370     0    25     1    10
  3.5683161463562563E-01 a       371     0    25     1    11
  2.6765214611135305E-02 a       372     0    25     1    12
 -3.1175315631457717E-01 a       373     0    25     1    13
  1.7700745815007282E-01 a       374     0    25     1    14
 -7.4876106139552490E-01 a       375     0    25     1    15
 -6.6520747180435102E-01 a       376     0    26     1     1
 -4.7564569161476838E-01 a       377     0    26     1     2
  7.8080777382144462E-01 a       378     0    26     1     3
 -3.6367262909400738E-01 a       379     0    26     1     4
 -9.1316355171837826E-01 a       380     0    26     1     5
 -4.7214580958854124E-01 a       381     0    26     1     6
  5.6134781853040761E-01 a       382     0    26     1     7
  7.9257808412961772E-01 a       383     0    26     1     8
 -2.3152988444351091E-01 a       384     0    26     1     9
 -3.4545884120963316E-01 a       385     0    26     1    10
 -1.8397111222522319E-01 a       386     0    26     1    11
  3.5900084159347623E-01 a       387     0    26     1    12
 -2.0635297725461621E+00 a       388     0    26     1    13
 -1.7151040013764421E-01 a       389     0    26     1    14
  3.0812125031137866E-01 a       390     0    26     1    15
 -6.5353241926035921E-01 a       391     0    27     1     1
  4.9151362534629195E-01 a       392     0    27     1     2
 -1.4980340767624709E-01 a       393     0    27     1     3
  2.5104795015457589E-02 a       394     0    27     1     4
 -3.2324749315505974E-01 a       395     0    27     1     5
  2.9220989533214436E-01 a       396     0    27     1     6
  1.7830777273273318E-01 a       397     0    27     1     7
 -2.2654299959761545E-01 a       398     0    27     1     8
  3.2797781016357480E-01 a       399     0    27     1     9
 -2.9593289733915079E-01 a       400     0    27     1    10
  3.0607557812151098E-01 a       401     0    27     1    11
  2.2591479388497776E-01 a       402     0    27     1    12
 -8.8051910052085708E-02 a       403     0    27     1    13
  4.5239341428843977E-01 a       404     0    27     1    14
  4.6122403854188970E-01 a       405     0    27     1    15
  1.2424055731069486E-01 a       406     0    28     1     1
  1.0576448689043463E+00 a       407     0    28     1     2
  4.3679718500942860E-01 a       408     0    28     1     3
  6.3640244646568714E-02 a       409     0    28     1     4
 -9.8503400950208919E-01 a       410     0    28     1     5
 -2.8514853105115806E-01 a       411     0    28     1     6
  5.7778158840608267E-02 a       412     0    28     1     7
  3.0167526048196802E-01 a       413     0    28     1     8
 -1.7570842981365700E-02 a       414     0    28     1     9
 -2.2333880869497130E-01 a       415     0    28     1    10
 -9.9684967618249376E-01 a       416     0    28     1    11
  4.6644725991538999E-01 a       417     0    28     1    12
  2.0219305515665401E-01 a       418     0    28     1    13
  1.0721960036374534E-01 a       419     0    28     1    14
 -1.4151725649836100E+00 a       420     0    28     1    15
  4.3815576147654741E-03 a       421     0    29     1     1
 -6.4636117570581089E-02 a       422     0    29     1     2
 -1.2922830825904863E+00 a       423     0    29     1     3
 -7.2860162389786903E-03 a       424     0    29     1     4
  6.8797098613190089E-01 a       425     0    29     1     5
  1.0938932526717440E-01 a       426     0    29     1     6
  3.3202396311371313E-01 a       427     0    29     1     7
  3.4876980984728928E-01 a       428     0    29     1     8
 -2.8263291372241017E-01 a       429     0    29     1     9
  2.3110192919372946E-01 a       430     0    29     1    10
 -7.1857037426133996E-01 a       431     0    29     1    11
 -2.9443483406985360E-01 a       432     0    29     1    12
 -3.1348692379575338E-01 a       433     0    29     1    13
 -6.0467445764573513E-01 a       434     0    29     1    14
  1.2164849573576589E-01 a       435     0    29     1    15
  5.1622894434427957E-01 a       436     0    30     1     1
 -3.0289894620549800E-02 a       437     0    30     1     2
 -1.4783495604392008E-01 a       438     0    30     1     3
 -1.1508212881062578E+00 a       439     0    30     1     4
  2.3783743988038736E-01 a       440     0    30     1     5
 -6.9226414587077612E-01 a       441     0    30     1     6
  5.6336673847434859E-01 a       442     0    30     1     7
 -6.0801113591888445E-01 a       443     0    30     1     8
 -9.1869059878014425E-01 a       444     0    30     1     9
  4.9518709089936913E-01 a       445     0    30     1    10
 -1.1650512792434976E-01 a       446     0    30     1    11
 -1.3304496110499191E+00 a       447     0    30     1    12
 -1.2485422372820389E+00 a       448     0    30     1    13
  1.4097642683585529E-01 a       449     0    30     1    14
  7.4844693423164099E-01 a       450     0    30     1    15
  1.1048015345664832E+00 a       451     0    31     1     1
 -9.7368739030622165E-01 a       452     0    31     1     2
  4.2652132054013403E-01 a       453     0    31     1     3
 -2.9595134135712214E-01 a       454     0    31     1     4
  2.3461590133243893E-02 a       455     0    31     1     5
  1.0782536660794249E+00 a       456     0    31     1     6
  6.1660981733294007E-01 a       457     0    31     1     7
  7.5279922189654430E-02 a       458     0    31     1     8
  4.7351360714585483E-01 a       459     0    31     1     9
 -3.0053842277300497E-01 a       460     0    31     1    10
  2.5661468915075780E-01 a       461     0    31     1    11
  1.0536634213544337E-01 a       462     0    31     1    12
 -1.0291598360420215E+00 a       463     0    31     1    13
  6.3500588122216917E-01 a       464     0    31     1    14
  3.3877666151973523E-01 a       465     0    31     1    15
 -1.0174563349630370E+00 a       466     0    32     1     1
 -8.6710626327317220E-01 a       467     0    32     1     2
  1.9338652185582936E+00 a       468     0    32     1     3
 -7.0048244176645347E-01 a       469     0    32     1     4
  9.8266341353152820E-01 a       470     0    32     1     5
  1.1002741393972145E-02 a       471     0    32     1     6
 -2.3268230090039535E-01 a       472     0    32     1     7
  2.3696269546390644E-02 a       473     0    32     1     8
 -8.5671493628399098E-02 a       474     0    32     1     9
  2.5019564194275046E-01 a       475     0    32     1    10
  7.1925159638068814E-01 a       476     0    32     1    11
 -2.3978486466653837E-01 a       477     0    32     1    12
 -2.3943541131628568E-01 a       478     0    32     1    13
 -1.0467634078312411E+00 a       479     0    32     1    14
  6.1342721134335421E-01 a       480     0    32     1    15
  3.7963871644748465E-01 a       481     0    33     1     1
  5.9532970064037372E-01 a       482     0    33     1     2
 -1.3550221383019623E-01 a       483     0    33     1     3
 -7.1767397891124718E-01 a       484     0    33     1     4
 -4.1157977135626778E-01 a       485     0    33     1     5
 -5.3347763913458990E-01 a       486     0    33     1     6
  2.1297897739852295E-01 a       487     0    33     1     7
  4.7097060512245537E-01 a       488     0    33     1     8
  3.9772261111985990E-01 a       489     0    33     1     9
 -2.6194130132964139E-01 a       490     0    33     1    10
  2.4015634297212354E-01 a       491     0    33     1    11
  6.6004142423834833E-01 a       492     0    33     1    12
 -9.4284604118174431E-01 a       493     0    33     1    13
  1.1753958500056617E-01 a       494     0    33     1    14
 -1.6897053174748350E-02 a       495     0    33     1    15
 -1.7696351454580677E+00 a       496     0    34     1     1
  3.6995047895894506E-01 a       497     0    34     1     2
  1.0318123317422720E+00 a       498     0    34     1     3
  5.2772939749170322E-01 a       499     0    34     1     4
 -8.3316837905665742E-01 a       500     0    34     1     5
  8.8439244290830429E-02 a       501     0    34     1     6
  1.0037885373709410E+00 a       502     0    34     1     7
 -4.3905459005552572E-01 a       503     0    34     1     8
 -3.1055772462171277E-01 a       504     0    34     1     9
  8.9435594693023790E-01 a       505     0    34     1    10
  4.8923258522393015E-01 a       506     0    34     1    11
  4.9054375520340227E-01 a       507     0    34     1    12
 -9.2652323754231725E-01 a       508     0    34     1    13
 -1.4639748471105890E-01 a       509     0    34     1    14
 -4.8858464538344398E-01 a       510     0    34     1    15
 -1.8755705439957093E-01 a       511     0    35     1     1
  1.6985320410300002E+00 a       512     0    35     1     2
 -3.8407208833089573E-01 a       513     0    35     1     3
  3.1298931375864103E-01 a       514     0    35     1     4
 -1.1927269887759082E+00 a       515     0    35     1     5
  2.0272025450669737E-02 a       516     0    35     1     6
 -6.5664066832858281E-01 a       517     0    35     1     7
  2.7063018178820092E-02 a       518     0    35     1     8
 -4.9722524697480563E-01 a       519     0    35     1     9
 -3.2726001051122566E-01 a       520     0    35     1    10
  8.2338665819554413E-01 a       521     0    35     1    11
  3.8181920359725535E-01 a       522     0    35     1    12
  4.7340160263015296E-01 a       523     0    35     1    13
 -3.8161633522381044E-01 a       524     0    35     1    14
  9.4025022320773155E-01 a       525     0    35     1    15
 -6.6675497530043659E-01 a       526     0    36     1     1
 -3.4843233923379696E-01 a       527     0    36     1     2
  2.0090420551756891E-01 a       528     0    36     1     3
  5.4741630966219768E-01 a       529     0    36     1     4
 -1.2325736145704738E+00 a       530     0    36     1     5
  1.1550035889555083E-02 a       531     0    36     1     6
  3.5691647779260866E-01 a       532     0    36     1     7
 -2.0053414696037608E-01 a       533     0    36     1     8
 -1.4351131114597226E+00 a       534     0    36     1     9
  1.8753505053863326E-01 a       535     0    36     1    10
  4.7876113694618000E-02 a       536     0    36     1    11
  5.7027895861160760E-01 a       537     0    36     1    12
 -1.7370829859422756E+00 a       538     0    36     1    13
  6.4325185493642901E-03 a       539     0    36     1    14
  6.8742452208447646E-01 a       540     0    36     1    15
  1.0590492542160936E+00 a       541     0    37     1     1
  7.1181145718974559E-01 a       542     0    37     1     2
  7.1136987496265969E-01 a       543     0    37     1     3
 -1.1989942891761698E+00 a       544     0    37     1     4
  5.9654886479726810E-01 a       545     0    37     1     5
 -5.6642820408824412E-01 a       546     0    37     1     6
  9.4030866206253738E-01 a       547     0    37     1     7
 -3.9661303173309936E-01 a       548     0    37     1     8
  9.1862774835165562E-01 a       549     0    37     1     9
 -1.3941323895468902E+00 a       550     0    37     1    10
  9.1812181242352575E-01 a       551     0    37     1    11
 -5.5444571856720692E-01 a       552     0    37     1    12
 -8.1566603434617724E-01 a       553     0    37     1    13
  4.1386185322337266E-01 a       554     0    37     1    14
 -2.2172117550723033E-01 a       555     0    37     1    15
  7.0799212436627657E-01 a       556     0    38     1     1
  1.4287217016066507E+00 a       557     0    38     1     2
 -1.3391295191507468E+00 a       558     0    38     1     3
  3.4684353633424758E-01 a       559     0    38     1     4
  6.4075230499573610E-01 a       560     0    38     1     5
  6.5145685268713349E-01 a       561     0    38     1     6
  7.6238066011374048E-02 a       562     0    38     1     7
 -7.6233968827306131E-01 a       563     0    38     1     8
  2.4058899495004746E-01 a       564     0    38     1     9
  6.6644230544059091E-01 a       565     0    38     1    10
  2.2578104993888351E-01 a       566     0    38     1    11
 -3.0881845865785140E-01 a       567     0    38     1    12
  9.0165813930721772E-01 a       568     0    38     1    13
  4.5245967615024357E-01 a       569     0    38     1    14
 -8.5104865121293838E-01 a       570     0    38     1    15
  3.6566324634704717E-01 a       571     0    39     1     1
 -1.6394186799061944E-01 a       572     0    39     1     2
  1.3779548208101174E-02 a       573     0    39     1     3
 -6.8569570403548968E-02 a       574     0    39     1     4
  2.9334514894882391E-01 a       575     0    39     1     5
  4.9063043218168656E-01 a       576     0    39     1     6
 -1.9437275731845657E-01 a       577     0    39     1     7
 -1.5683629353786321E-02 a       578     0    39     1     8
 -1.4925759883999518E-01 a       579     0    39     1     9
  6.9029569075778119E-01 a       580     0    39     1    10
  4.9358401143601799E-01 a       581     0    39     1    11
 -2.6465317063196392E-01 a       582     0    39     1    12
 -1.9816281866203950E-02 a       583     0    39     1    13
 -4.6827312289896533E-01 a       584     0    39     1    14
 -1.7286668752564330E-01 a       585     0    39     1    15
 -1.8074489897899154E-01 a       586     0    40     1     1
 -7.4876429290461166E-01 a       587     0    40     1     2
 -2.3683448480417013E-01 a       588     0    40     1     3
 -2.2738855648242229E-01 a       589     0    40     1     4
  5.5449670685010977E-01 a       590     0    40     1     5
  2.0034441943554904E-01 a       591     0    40     1     6
 -3.2038241429076980E-01 a       592     0    40     1     7
  4.4679085326263898E-02 a       593     0    40     1     8
 -3.0104598053977177E-01 a       594     0    40     1     9
 -1.6460791361687874E-01 a       595     0    40     1    10
 -5.7823956380551607E-02 a       596     0    40     1    11
 -2.2176768937079100E-01 a       597     0    40     1    12
  1.1713541035124053E-01 a       598     0    40     1    13
 -4.1726324955358857E-01 a       599     0    40     1    14
  7.3838064583234697E-01 a       600     0    40     1    15
 -8.7146188584582018E-01 a       601     0    41     1     1
 -1.0313095624944173E+00 a       602     0    41     1     2
  4.7753235960074164E-01 a       603     0    41     1     3
  4.6499316156331107E-02 a       604     0    41     1     4
 -6.5763975352230830E-01 a       605     0    41     1     5
 -7.2649964079677198E-01 a       606     0    41     1     6
 -1.8255438287953782E-01 a       607     0    41     1     7
  3.7494812362383672E-03 a       608     0    41     1     8
 -5.1291358902729423E-01 a       609     0    41     1     9
 -5.1810588431140814E-01 a       610     0    41     1    10
 -8.8567553396712614E-02 a       611     0    41     1    11
  9.1643258855799603E-02 a       612     0    41     1    12
 -1.2354150754078421E+00 a       613     0    41     1    13
  9.8991683868354843E-02 a       614     0    41     1    14
 -2.2921241446986018E-01 a       615     0    41     1    15
  9.7631171404608330E-01 a       616     0    42     1     1
 -2.0244605137685706E-01 a       617     0    42     1     2
  3.8077337330331329E-01 a       618     0    42     1     3
  8.2524655272507880E-02 a       619     0    42     1     4
 -4.0282985720934616E-01 a       620     0    42     1     5
 -3.7464734601775795E-01 a       621     0    42     1     6
 -1.0734002925804348E-01 a       622     0    42     1     7
  2.4175571969353646E-01 a       623     0    42     1     8
  1.3881579945896722E-01 a       624     0    42     1     9
 -5.1146528576391592E-01 a       625     0    42     1    10
  8.1149038729642020E-01 a       626     0    42     1    11
  4.2631078950808582E-01 a       627     0    42     1    12
  7.0689418196356968E-01 a       628     0    42     1    13
  2.6928890175173986E-01 a       629     0    42     1    14
 -8.3518467766712901E-01 a       630     0    42     1    15
  8.3053814511135771E-01 a       631     0    43     1     1
  4.1354941380020938E-02 a       632     0    43     1     2
 -2.1239084676302129E+00 a       633     0    43     1     3
 -6.9039433584655330E-01 a       634     0    43     1     4
 -5.9539639236758868E-01 a       635     0    43     1     5
  1.0840468603215381E-01 a       636     0    43     1     6
  5.3534963278559604E-02 a       637     0    43     1     7
 -3.6674765202356151E-02 a       638     0    43     1     8
 -7.8675735433509408E-01 a       639     0    43     1     9
 -2.8433692861141009E-02 a       640     0    43     1    10
  5.0970604531035735E-01 a       641     0    43     1    11
 -4.7157807412082385E-02 a       642     0    43     1    12
  7.7624745020417711E-03 a       643     0    43     1    13
 -5.0234169233259818E-01 a       644     0    43     1    14
  1.4109118131139722E-01 a       645     0    43     1    15
  1.3856308046821790E+00 a       646     0    44     1     1
  1.7175655661397962E+00 a       647     0    44     1     2
 -7.9210772941154639E-02 a       648     0    44     1     3
 -1.8954145605603928E-01 a       649     0    44     1     4
 -4.6368706242006497E-01 a       650     0    44     1     5
  1.1282942879498989E+00 a       651     0    44     1     6
  8.5391194820288707E-01 a       652     0    44     1     7
 -2.1339422848601736E-01 a       653     0    44     1     8
  4.5457472934706500E-01 a       654     0    44     1     9
  4.0624427049688022E-01 a       655     0    44     1    10
 -5.4858980264659407E-01 a       656     0    44     1    11
  1.9016572198791146E-01 a       657     0    44     1    12
 -8.8615728164231869E-02 a       658     0    44     1    13
  1.5206266716722359E+00 a       659     0    44     1    14
 -1.0571366305953283E+00 a       660     0    44     1    15
 -5.1046639881550426E-01 a       661     0    45     1     1
  1.0664425045492829E-01 a       662     0    45     1     2
  2.5005457179579088E-01 a       663     0    45     1     3
  3.5809312154772971E-01 a       664     0    45     1     4
  5.9425063389909960E-01 a       665     0    45     1     5
  4.7229940445221247E-01 a       666     0    45     1     6
  5.0134150594857696E-01 a       667     0    45     1     7
 -3.4939890031600201E-01 a       668     0    45     1     8
 -1.6762259542327582E-01 a       669     0    45     1     9
  2.9614179196092139E-01 a       670     0    45     1    10
 -2.4807542018626089E-01 a       671     0    45     1    11
 -3.6283858256592849E-01 a       672     0    45     1    12
  9.3712880765549522E-01 a       673     0    45     1    13
  1.5483219503716825E-01 a       674     0    45     1    14
  5.8287181032152746E-01 a       675     0    45     1    15
 -1.4844649008289487E-01 a       676     0    46     1     1
 -4.5126905497895731E-01 a       677     0    46     1     2
  1.5223102802296238E+00 a       678     0    46     1     3
  5.6429180137556478E-01 a       679     0    46     1     4
  3.9788538981705979E-03 a       680     0    46     1     5
 -1.0114821044035762E+00 a       681     0    46     1     6
 -3.4750037302578990E-01 a       682     0    46     1     7
 -2.9822189170877617E-01 a       683     0    46     1     8
  2.4807139198023984E-01 a       684     0    46     1     9
  8.4116610194111774E-01 a       685     0    46     1    10
  2.6744072248102718E-01 a       686     0    46     1    11
 -1.3175832558989181E-01 a       687     0    46     1    12
  9.2405614117561197E-01 a       688     0    46     1    13
  2.1893476965036288E-01 a       689     0    46     1    14
 -7.1044824009129848E-01 a       690     0    46     1    15
  4.1312035474813008E-01 a       691     0    47     1     1
 -1.0577262566446275E+00 a       692     0    47     1     2
  5.1992262778780340E-01 a       693     0    47     1     3
 -1.9998934627950263E-01 a       694     0    47     1     4
  5.4338277996142115E-01 a       695     0    47     1     5
  3.9741708459646014E-01 a       696     0    47     1     6
 -2.1503843433558795E-01 a       697     0    47     1     7
 -8.9055359658333250E-02 a       698     0    47     1     8
  2.2038190975280986E-01 a       699     0    47     1     9
  7.0121564297250916E-02 a       700     0    47     1    10
 -3.3346209148937345E-01 a       701     0    47     1    11
 -1.2971596389399395E-01 a       702     0    47     1    12
 -3.2427041814307084E-02 a       703     0    47     1    13
 -1.2725833251243698E-01 a       704     0    47     1    14
 -4.2786488003171741E-01 a       705     0    47     1    15
 -7.1532488263252336E-01 a       706     0    48     1     1
  7.7557366318829191E-01 a       707     0    48     1     2
 -2.7216214699282437E-01 a       708     0    48     1     3
 -7.0397088990570053E-02 a       709     0    48     1     4
  6.4186798496921793E-01 a       710     0    48     1     5
 -9.8162243415044548E-01 a       711     0    48     1     6
 -1.9002941190152300E-01 a       712     0    48     1     7
  2.0347984807748565E-01 a       713     0    48     1     8
  5.2443321409128563E-01 a       714     0    48     1     9
  1.8795942210148062E-02 a       715     0    48     1    10
 -2.1317330610173216E-01 a       716     0    48     1    11
 -2.0677279828087622E-01 a       717     0    48     1    12
  1.0126691726413894E+00 a       718     0    48     1    13
 -4.8646197178377829E-02 a       719     0    48     1    14
 -6.5296036723694906E-01 a       720     0    48     1    15
 -2.2101707122345005E-01 a       721     0    49     1     1
  4.2314680163194368E-01 a       722     0    49     1     2
 -3.7212507174090143E-01 a       723     0    49     1     3
  4.3859956233555153E-01 a       724     0    49     1     4
 -6.1805353544956076E-01 a       725     0    49     1     5
  1.1960369793901386E+00 a       726     0    49     1     6
 -8.1039184432196676E-01 a       727     0    49     1     7
  3.3135738685706700E-01 a       728     0    49     1     8
 -1.9723701099939112E-01 a       729     0    49     1     9
  2.8420536841098976E-01 a       730     0    49     1    10
  6.5358409651195326E-01 a       731     0    49     1    11
  4.2967196975416749E-01 a       732     0    49     1    12
  6.1638580154970590E-01 a       733     0    49     1    13
 -6.3589191305860893E-01 a       734     0    49     1    14
  1.1015659955126713E+00 a       735     0    49     1    15
  4.9542740914507910E-01 a       736     0    50     1     1
  2.6038255984427261E-01 a       737     0    50     1     2
  3.9713134319484561E-02 a       738     0    50     1     3
  4.6530041351916845E-01 a       739     0    50     1     4
 -5.6433397886977439E-02 a       740     0    50     1     5
 -2.2286371323833452E-02 a       741     0    50     1     6
 -4.2915350960009480E-01 a       742     0    50     1     7
  5.0376884922056764E-01 a       743     0    50     1     8
  5.2283835813679846E-02 a       744     0    50     1     9
 -6.0665628085664614E-01 a       745     0    50     1    10
 -3.2163561064758556E-01 a       746     0    50     1    11
  1.8573251929585580E-01 a       747     0    50     1    12
  9.8085282104157401E-01 a       748     0    50     1    13
 -5.0322741473421147E-02 a       749     0    50     1    14
  4.4752547396971470E-01 a       750     0    50     1    15
 -6.3992426059501939E-01 a       751     0    51     1     1
 -5.5842876534280128E-01 a       752     0    51     1     2
 -2.9969923667910858E-01 a       753     0    51     1     3
  3.3601297191375645E-01 a       754     0    51     1     4
  1.6640140253390438E-02 a       755     0    51     1     5
 -4.8410702558519281E-01 a       756     0    51     1     6
 -1.3514194050582695E-01 a       757     0    51     1     7
 -2.2098771995168118E-02 a       758     0    51     1     8
 -3.5667132860769876E-02 a       759     0    51     1     9
  4.7572552366504629E-02 a       760     0    51     1    10
  4.6729654012367866E-01 a       761     0    51     1    11
  9.0246381985933169E-02 a       762     0    51     1    12
  1.7878563142210416E-01 a       763     0    51     1    13
  4.1830966407491489E-02 a       764     0    51     1    14
  4.1872420251126995E-02 a       765     0    51     1    15
 -6.3991088450913280E-01 a       766     0    52     1     1
 -7.4105320514497275E-01 a       767     0    52     1     2
 -1.3478831815743503E-01 a       768     0    52     1     3
  9.1082966043303709E-02 a       769     0    52     1     4
 -3.2277838545753135E-01 a       770     0    52     1     5
 -3.4539765192481375E-01 a       771     0    52     1     6
 -3.8168433244450439E-01 a       772     0    52     1     7
 -9.9259920010321551E-02 a       773     0    52     1     8
 -2.0909681515225122E-02 a       774     0    52     1     9
  4.5713305647865343E-01 a       775     0    52     1    10
 -3.3443206851773993E-01 a       776     0    52     1    11
  1.3452573231360440E-01 a       777     0    52     1    12
  6.1328622362191998E-01 a       778     0    52     1    13
 -8.4612484469383673E-02 a       779     0    52     1    14
  4.4519769580292107E-01 a       780     0    52     1    15
  3.1296416898145557E-01 a       781     0    53     1     1
  1.6211283358027646E-02 a       782     0    53     1     2
  6.3462516761473603E-02 a       783     0    53     1     3
 -1.6292068181731345E-01 a       784     0    53     1     4
  3.3230543879560331E-01 a       785     0    53     1     5
 -3.7025629439626861E-01 a       786     0    53     1     6
  6.1813523089903594E-02 a       787     0    53     1     7
 -2.3898247322883420E-01 a       788     0    53     1     8
  3.2069492005963790E-01 a       789     0    53     1     9
  2.8585562079183191E-01 a       790     0    53     1    10
  4.3423477036958746E-01 a       791     0    53     1    11
 -8.0916100623692033E-02 a       792     0    53     1    12
  2.2972785283192623E-01 a       793     0    53     1    13
  2.7183164423568402E-02 a       794     0    53     1    14
  1.1843326118400854E-01 a       795     0    53     1    15
 -3.0091537087541670E-01 a       796     0    54     1     1
  1.2804945550986313E-01 a       797     0    54     1     2
 -6.1261761870038449E-02 a       798     0    54     1     3
 -1.2492420485266162E-01 a       799     0    54     1     4
  1.7802466687928839E-01 a       800     0    54     1     5
 -8.1610552053003727E-01 a       801     0    54     1     6
  1.0253733606913373E-01 a       802     0    54     1     7
 -4.9605367963416573E-02 a       803     0    54     1     8
  6.2526277422286614E-02 a       804     0    54     1     9
  8.2067341708456018E-03 a       805     0    54     1    10
 -6.4173319789483851E-01 a       806     0    54     1    11
 -1.2872926949229876E-01 a       807     0    54     1    12
  1.4817809291316958E-01 a       808     0    54     1    13
  3.3668704466782065E-02 a       809     0    54     1    14
  5.1270538038951308E-01 a       810     0    54     1    15
 -5.6635693928746789E-01 a       811     0    55     1     1
  2.5508369162706435E-01 a       812     0    55     1     2
  5.5845425392094483E-01 a       813     0    55     1     3
  1.0118338449899687E-01 a       814     0    55     1     4
  3.8447383764434145E-01 a       815     0    55     1     5
  5.5781754737416256E-01 a       816     0    55     1     6
 -3.9555918007586438E-01 a       817     0    55     1     7
 -1.5307734502830099E-02 a       818     0    55     1     8
  6.2976123232033743E-01 a       819     0    55     1     9
 -2.9482896761708138E-01 a       820     0    55     1    10
  7.7330306519970426E-01 a       821     0    55     1    11
 -1.6368226764599730E-01 a       822     0    55     1    12
 -3.5940834874235456E-01 a       823     0    55     1    13
 -8.6642054793756515E-02 a       824     0    55     1    14
  1.8199954001680982E-01 a       825     0    55     1    15
 -5.7957223422052195E-01 a       826     0    56     1     1
 -5.4372277980041184E-02 a       827     0    56     1     2
 -2.8855876481299558E-01 a       828     0    56     1     3
  1.7693048189558905E-01 a       829     0    56     1     4
  2.5608204670735224E-01 a       830     0    56     1     5
  2.9678284293638585E-01 a       831     0    56     1     6
 -3.7193276082874954E-01 a       832     0    56     1     7
  1.4330628622425967E-01 a       833     0    56     1     8
  7.9846103344604572E-03 a       834     0    56     1     9
 -2.3450922641343333E-01 a       835     0    56     1    10
 -4.7079476751649967E-02 a       836     0    56     1    11
 -7.3176950435322602E-02 a       837     0    56     1    12
  3.4017331198831879E-01 a       838     0    56     1    13
 -3.4150806522827454E-01 a       839     0    56     1    14
  5.1604800410849350E-01 a       840     0    56     1    15
  3.0391918339695534E-01 a       841     0    57     1     1
  2.0324786673768530E-01 a       842     0    57     1     2
 -1.4068517933529158E-02 a       843     0    57     1     3
 -1.6920262397992175E-01 a       844     0    57     1     4
 -3.2344946923101492E-01 a       845     0    57     1     5
  6.6275019687654946E-01 a       846     0    57     1     6
 -3.2518963312560517E-01 a       847     0    57     1     7
  1.9341684334657799E-01 a       848     0    57     1     8
  2.2545086566060669E-02 a       849     0    57     1     9
  6.6326256292971716E-02 a       850     0    57     1    10
  3.1342448748226948E-01 a       851     0    57     1    11
  1.5351696697996434E-01 a       852     0    57     1    12
 -4.0400660448608267E-01 a       853     0    57     1    13
 -2.6621820315411293E-01 a       854     0    57     1    14
 -4.5414908774326618E-01 a       855     0    57     1    15
 -2.1625342624935229E-01 a       856     0    58     1     1
  1.6404588065906137E-01 a       857     0    58     1     2
 -3.4201444224082367E-01 a       858     0    58     1     3
 -1.7284696177143175E-01 a       859     0    58     1     4
 -1.8760077031024849E-01 a       860     0    58     1     5
  5.8382081108630510E-02 a       861     0    58     1     6
  6.9918042847227455E-02 a       862     0    58     1     7
  1.2590429781664586E-01 a       863     0    58     1     8
 -3.5017570355562749E-01 a       864     0    58     1     9
  2.4415087816296613E-01 a       865     0    58     1    10
  2.8915569963887544E-01 a       866     0    58     1    11
  1.6994031791368502E-01 a       867     0    58     1    12
  1.1885147777579005E-01 a       868     0    58     1    13
  4.6906333974077917E-02 a       869     0    58     1    14
  3.5687267987643384E-01 a       870     0    58     1    15
 -2.3639655920990410E-01 a       871     0    59     1     1
  5.9895775223164027E-01 a       872     0    59     1     2
 -3.5677594167091642E-01 a       873     0    59     1     3
  4.6049142641571575E-02 a       874     0    59     1     4
 -1.5718659296880597E-01 a       875     0    59     1     5
 -4.9482381310231242E-02 a       876     0    59     1     6
  1.4130346367179938E-01 a       877     0    59     1     7
  2.5864074827424582E-03 a       878     0    59     1     8
  9.5383039582532941E-03 a       879     0    59     1     9
 -6.5280800784621951E-02 a       880     0    59     1    10
  3.7422873518841099E-01 a       881     0    59     1    11
  7.3069777349094587E-04 a       882     0    59     1    12
 -9.1987248131555358E-02 a       883     0    59     1    13
  1.6523842193328267E-01 a       884     0    59     1    14
  2.3775574382562395E-01 a       885     0    59     1    15
  2.8974722094881405E-01 a       886     0    60     1     1
  4.8112286974851502E-03 a       887     0    60     1     2
  1.1030079547958617E-01 a       888     0    60     1     3
 -1.6544450730008615E-02 a       889     0    60     1     4
 -2.0263907234556328E-01 a       890     0    60     1     5
 -3.5069117555610624E-01 a       891     0    60     1     6
  6.8541698849211380E-02 a       892     0    60     1     7
 -3.9593578701144765E-02 a       893     0    60     1     8
 -1.7180869500104548E-01 a       894     0    60     1     9
 -7.7922334977868629E-02 a       895     0    60     1    10
 -3.2698503645270660E-01 a       896     0    60     1    11
  5.5333056663128474E-02 a       897     0    60     1    12
 -4.2837327103549477E-01 a       898     0    60     1    13
 -3.8683925591806778E-02 a       899     0    60     1    14
  1.0269709137799711E-01 a       900     0    60     1    15
 -1.4436354907712920E-01 a       901     0    61     1     1
 -2.4991734337817800E-01 a       902     0    61     1     2
  2.0940636302571733E-01 a       903     0    61     1     3
 -6.8520862852811198E-02 a       904     0    61     1     4
  1.5136509126761688E-01 a       905     0    61     1     5
  1.3326407365923160E-01 a       906     0    61     1     6
  3.4771472233992146E-01 a       907     0    61     1     7
 -1.0825329097031898E-01 a       908     0    61     1     8
 -8.7560004976936848E-02 a       909     0    61     1     9
  1.7627899547616854E-01 a       910     0    61     1    10
 -6.3091832293431926E-01 a       911     0    61     1    11
 -9.1057176004698884E-02 a       912     0    61     1    12
 -3.5928757140534416E-02 a       913     0    61     1    13
  2.9038245177127647E-01 a       914     0    61     1    14
 -4.8587027947314215E-01 a       915     0    61     1    15
  4.7980606933468617E-02 a       916     0    62     1     1
 -2.9031121148136879E-01 a       917     0    62     1     2
  2.3623204179955046E-02 a       918     0    62     1     3
 -3.6641698708486992E-01 a       919     0    62     1     4
 -1.7457325889618069E-01 a       920     0    62     1     5
 -3.5719024034276831E-01 a       921     0    62     1     6
  1.9767057334428842E-01 a       922     0    62     1     7
 -3.9155957200085095E-01 a       923     0    62     1     8
 -1.5232867413482951E-01 a       924     0    62     1     9
  2.8209145796984986E-01 a       925     0    62     1    10
 -1.4661673580976479E-02 a       926     0    62     1    11
 -1.2177342470529666E-01 a       927     0    62     1    12
 -4.0001229295430851E-01 a       928     0    62     1    13
 -2.8394451955579975E-01 a       929     0    62     1    14
 -4.9827275151397288E-02 a       930     0    62     1    15
  1.7295711952353457E-01 a       931     0    63     1     1
 -8.8798464947647954E-02 a       932     0    63     1     2
 -3.2664285322510006E-02 a       933     0    63     1     3
 -3.7482474356032781E-02 a       934     0    63     1     4
  5.8903506891073293E-02 a       935     0    63     1     5
  5.6692178739698029E-01 a       936     0    63     1     6
 -4.7381956780220714E-03 a       937     0    63     1     7
 -3.8480568455203271E-02 a       938     0    63     1     8
 -2.7899710931370841E-01 a       939     0    63     1     9
 -7.7067659888005374E-02 a       940     0    63     1    10
  1.1554953229852206E-01 a       941     0    63     1    11
 -5.2374860215705546E-02 a       942     0    63     1    12
 -1.3950824457128842E-02 a       943     0    63     1    13
  8.5313578848689633E-02 a       944     0    63     1    14
  5.9614750915325802E-02 a       945     0    63     1    15
  3.1041100794744564E-01 a       946     0    64     1     1
  4.8807229228229176E-01 a       947     0    64     1     2
  1.4222661415425319E-01 a       948     0    64     1     3
  1.0051296427397665E-02 a       949     0    64     1     4
  2.2127798938457247E-01 a       950     0    64     1     5
 -6.2057987875777521E-01 a       951     0    64     1     6
  4.5015945147930858E-01 a       952     0    64     1     7
  1.1407012465203599E-01 a       953     0    64     1     8
 -1.5049974092006460E-01 a       954     0    64     1     9
 -5.4718360571893321E-01 a       955     0    64     1    10
 -3.0537640131377536E-01 a       956     0    64     1    11
 -2.6718515178447567E-02 a       957     0    64     1    12
 -5.2382313850876228E-01 a       958     0    64     1    13
  3.1095147382866067E-01 a       959     0    64     1    14
 -3.7570754841789911E-01 a       960     0    64     1    15
  5.7606020824848059E-01 b       961     1     1
 -8.3195092396004283E-02 b       962     1     2
  5.2556271961369871E-01 b       963     1     3
  9.4019784418025332E-01 b       964     1     4
 -2.0334405717556686E-01 b       965     1     5
 -2.1830811438733527E-01 b       966     1     6
 -1.9143024026798880E-01 b       967     1     7
 -1.6667740569404443E-01 b       968     1     8
 -1.2929112610699593E+00 b       969     1     9
  5.0139822409475288E-01 b       970     1    10
  6.0697455743169726E-01 b       971     1    11
 -3.8752464439760598E-01 b       972     1    12
  1.8094226058752275E-01 b       973     1    13
 -7.5441953014351831E-02 b       974     1    14
  2.2426581384617048E-01 b       975     1    15
 -1.6268185363104756E-01 a       976     1     1     2     1
  2.4236755988284631E-01 a       977     1     1     2     2
 -3.7430031776172451E-01 a       978     1     1     2     3
  1.7104213129953089E-01 a       979     1     1     2     4
 -1.0964982757242585E-01 a       980     1     1     2     5
  7.8425717911503945E-01 a       981     1     1     2     6
 -6.3680677907091887E-01 a       982     1     1     2     7
 -5.5192363390312818E-02 a       983     1     1     2     8
  2.1283980471639175E-01 a       984     1     1     2     9
  2.6427958954603120E-01 a       985     1     1     2    10
 -1.4646023975187139E-01 a       986     1     1     2    11
  2.5988638236533668E-01 a       987     1     1     2    12
 -2.0639763444909545E-01 a       988     1     1     2    13
  4.0020098832358664E-01 a       989     1     1     2    14
 -7.2578312011199120E-01 a       990     1     1     2    15
  1.7708448396511697E-02 a       991     1     2     2     1
  5.7560696545446799E-01 a       992     1     2     2     2
  2.6052955602545091E-01 a       993     1     2     2     3
  3.4730506347071777E-01 a       994     1     2     2     4
  7.2410687178234429E-02 a       995     1     2     2     5
  3.3392442691632307E-01 a       996     1     2     2     6
 -1.3438337685583894E+00 a       997     1     2     2     7
  6.1709106025177130E-01 a       998     1     2     2     8
 -5.3611650877441808E-01 a       999     1     2     2     9
  4.5579950586021045E-01 a      1000     1     2     2    10
 -3.2087957928115342E-02 a      1001     1     2     2    11
  4.3033360700986240E-01 a      1002     1     2     2    12
 -5.0087456822594723E-01 a      1003     1     2     2    13
 -1.7631528271077304E-01 a      1004     1     2     2    14
 -5.5331469104388897E-01 a      1005     1     2     2    15
 -5.8645352740519974E-01 a      1006     1     3     2     1
 -9.4693125507915954E-01 a      1007     1     3     2     2
 -7.9545557012136170E-01 a      1008     1     3     2     3
 -1.4399791148926083E-01 a      1009     1     3     2     4
 -3.2650113644401613E-01 a      1010     1     3     2     5
  8.0188424788583312E-01 a      1011     1     3     2     6
  1.8525992325848617E+00 a      1012     1     3     2     7
  7.7537430352911718E-01 a      1013     1     3     2     8
 -6.4653243858124834E-02 a      1014     1     3     2     9
 -2.2157242327296200E-01 a      1015     1     3     2    10
 -4.5308478909091299E-01 a      1016     1     3     2    11
  3.6207001384710613E-01 a      1017     1     3     2    12
 -1.0214213300158519E+00 a      1018     1     3     2    13
 -3.3124587803335070E-01 a      1019     1     3     2    14
 -9.6644224458974148E-01 a      1020     1     3     2    15
 -6.5341779195217442E-01 a      1021     1     4     2     1
  1.4696074994569526E+00 a      1022     1     4     2     2
 -2.4907121905858842E-01 a      1023     1     4     2     3
  3.7783166292027259E-01 a      1024     1     4     2     4
  4.4463474569952938E-01 a      1025     1     4     2     5
  1.7028760041066207E+00 a      1026     1     4     2     6
  1.2676866466258463E+00 a      1027     1     4     2     7
  1.2131532878214302E+00 a      1028     1     4     2     8
 -1.6150499153731387E-01 a      1029     1     4     2     9
  3.5883768127903781E-01 a      1030     1     4     2    10
 -7.9785635180121028E-01 a      1031     1     4     2    11
  7.8215071651609169E-01 a      1032     1     4     2    12
  1.0248456178055500E-01 a      1033     1     4     2    13
  5.8360165815071652E-01 a      1034     1     4     2    14
 -1.1446705734673390E+00 a      1035     1     4     2    15
  1.4015390014115012E+00 a      1036     1     5     2     1
 -1.0406815743637785E+00 a      1037     1     5     2     2
  1.0154343756003539E+00 a      1038     1     5     2     3
  4.6320020680975549E-01 a      1039     1     5     2     4
  5.2643057058670251E-01 a      1040     1     5     2     5
 -2.1864881926470350E+00 a      1041     1     5     2     6
 -1.0852595310459867E+00 a      1042     1     5     2     7
 -3.7790175947077875E-01 a      1043     1     5     2     8
  1.3031673582303096E+00 a      1044     1     5     2     9
  1.0464804455524908E+00 a      1045     1     5     2    10
  9.3641046290101670E-01 a      1046     1     5     2    11
  2.3576776319591866E-01 a      1047     1     5     2    12
 -6.1666439060173539E-01 a      1048     1     5     2    13
 -1.4226799570859602E-01 a      1049     1     5     2    14
 -1.7132197617293299E+00 a      1050     1     5     2    15
  2.8133584387719945E-01 a      1051     1     6     2     1
 -5.1680610299268004E-01 a      1052     1     6     2     2
  7.8647832772814807E-01 a      1053     1     6     2     3
  8.6760233181908758E-02 a      1054     1     6     2     4
  2.9409527439352784E-01 a      1055     1     6     2     5
 -2.0024088382409119E-01 a      1056     1     6     2     6
 -4.1685624372557967E-01 a      1057     1     6     2     7
  1.5226854994033001E-01 a      1058     1     6     2     8
 -2.8849369351668525E-01 a      1059     1     6     2     9
 -3.2843702121803681E-01 a      1060     1     6     2    10
 -5.3228924254496812E-01 a      1061     1     6     2    11
  1.8393940004388623E-01 a      1062     1     6     2    12
  1.1227157469229093E-01 a      1063     1     6     2    13
 -1.9476017047865715E-01 a      1064     1     6     2    14
 -1.2817853002817716E+00 a      1065     1     6     2    15
  4.9700879231346795E-01 a      1066     1     7     2     1
 -4.9380311040069291E-01 a      1067     1     7     2     2
 -2.4225637898687580E-01 a      1068     1     7     2     3
 -1.3840310587074622E-01 a      1069     1     7     2     4
  1.4941102443722849E+00 a      1070     1     7     2     5
 -1.5589961256282006E+00 a      1071     1     7     2     6
 -2.2554073938066941E-02 a      1072     1     7     2     7
 -3.5286744293473876E-01 a      1073     1     7     2     8
  1.8899847412927522E+00 a      1074     1     7     2     9
 -8.8721670629386240E-01 a      1075     1     7     2    10
 -6.9418290869400168E-01 a      1076     1     7     2    11
  1.6690381991174139E-01 a      1077     1     7     2    12
 -1.2474618802328652E-01 a      1078     1     7     2    13
  5.0103994872164559E-01 a      1079     1     7     2    14
 -1.2085667321245248E-01 a      1080     1     7     2    15
  1.0899246824238693E+00 a      1081     1     8     2     1
  1.0483638551942853E+00 a      1082     1     8     2     2
 -7.5144523464113588E-01 a      1083     1     8     2     3
  1.0923948297426427E+00 a      1084     1     8     2     4
 -4.8838071956288259E-01 a      1085     1     8     2     5
  1.4204356457168827E+00 a      1086     1     8     2     6
  1.6518504197937052E+00 a      1087     1     8     2     7
  3.2168363450867798E-01 a      1088     1     8     2     8
 -1.7264945667745497E+00 a      1089     1     8     2     9
  5.5563981265756790E-01 a      1090     1     8     2    10
  1.1930021520409169E+00 a      1091     1     8     2    11
  5.8524083187892997E-02 a      1092     1     8     2    12
  2.9916128286669974E-01 a      1093     1     8     2    13
 -2.7468007525382576E-01 a      1094     1     8     2    14
 -1.9740337490153395E-01 a      1095     1     8     2    15
  6.7977149484207910E-01 a      1096     1     9     2     1
 -1.1653650188890654E+00 a      1097     1     9     2     2
 -2.9539222332770393E-01 a      1098     1     9     2     3
 -3.0416131886055506E-02 a      1099     1     9     2     4
  4.3835180291982306E-01 a      1100     1     9     2     5
 -1.6850180867997014E-01 a      1101     1     9     2     6
  1.4721147447759644E-01 a      1102     1     9     2     7
  4.0472438670381350E-01 a      1103     1     9     2     8
  5.9722516077062204E-01 a      1104     1     9     2     9
 -1.7026245792095369E+00 a      1105     1     9     2    10
 -4.5276253378835152E-01 a      1106     1     9     2    11
 -7.1273087692188408E-01 a      1107     1     9     2    12
 -2.0730891783142247E-01 a      1108     1     9     2    13
 -5.9806917543228766E-01 a      1109     1     9     2    14
  7.9164876823406627E-01 a      1110     1     9     2    15
  1.6069049834785762E-01 a      1111     1    10     2     1
  1.7029256379773334E+00 a      1112     1    10     2     2
  4.5729809452758918E-01 a      1113     1    10     2     3
  7.8708381014859852E-01 a      1114     1    10     2     4
 -1.8545506318577059E+00 a      1115     1    10     2     5
  1.8294590557661152E+00 a      1116     1    10     2     6
 -3.1603084123951758E-01 a      1117     1    10     2     7
  4.5901257976484033E-02 a      1118     1    10     2     8
 -5.1370053437448915E-01 a      1119     1    10     2     9
  1.6061684757712567E+00 a      1120     1    10     2    10
  9.2755485498349222E-01 a      1121     1    10     2    11
  8.3874508984790441E-01 a      1122     1    10     2    12
  5.2247925317936394E-01 a      1123     1    10     2    13
 -3.2164939366170953E-01 a      1124     1    10     2    14
 -1.5736393141543298E-01 a      1125     1    10     2    15
 -9.4652499522451874E-03 a      1126     1    11     2     1
 -1.3503186735488754E-01 a      1127     1    11     2     2
 -3.8502666915558093E-01 a      1128     1    11     2     3
  2.5046862619883582E-02 a      1129     1    11     2     4
  7.8310343393602835E-02 a      1130     1    11     2     5
 -1.6801842359841634E-01 a      1131     1    11     2     6
 -2.7513055982721563E-01 a      1132     1    11     2     7
 -1.4466023509373133E-01 a      1133     1    11     2     8
  4.3806631450378070E-01 a      1134     1    11     2     9
 -1.4043194726874503E-01 a      1135     1    11     2    10
  4.9593752073279179E-02 a      1136     1    11     2    11
 -1.9249051657239399E-01 a      1137     1    11     2    12
 -4.0060813095017456E-01 a      1138     1    11     2    13
  1.4432381024178764E-01 a      1139     1    11     2    14
  1.3079178741870209E-01 a      1140     1    11     2    15
  1.0856506926050862E+00 a      1141     1    12     2     1
  9.3158354824495770E-01 a      1142     1    12     2     2
  5.1330790344069221E-01 a      1143     1    12     2     3
 -1.3326026156072284E+00 a      1144     1    12     2     4
  1.0418975036228628E+00 a      1145     1    12     2     5
 -1.3224152380986283E+00 a      1146     1    12     2     6
 -8.1299374732722718E-01 a      1147     1    12     2     7
 -2.6615110571122940E+00 a      1148     1    12     2     8
  1.6793815264362093E+00 a      1149     1    12     2     9
  1.6679391470843072E+00 a      1150     1    12     2    10
 -7.3852881604376075E-01 a      1151     1    12     2    11
 -8.8127576913705652E-01 a      1152     1    12     2    12
  5.0632283096525621E-01 a      1153     1    12     2    13
  8.1049642137201794E-01 a      1154     1    12     2    14
 -5.9931496380771132E-01 a      1155     1    12     2    15
 -3.8722348577571875E-01 a      1156     1    13     2     1
  5.5441067027875190E-01 a      1157     1    13     2     2
  9.5424296980289602E-01 a      1158     1    13     2     3
 -6.0442895759232151E-01 a      1159     1    13     2     4
  3.0593187638002972E-01 a      1160     1    13     2     5
  1.0940268361197960E+00 a      1161     1    13     2     6
  1.0623240231296223E-01 a      1162     1    13     2     7
  6.8160402550371901E-01 a      1163     1    13     2     8
  7.8528633815455429E-01 a      1164     1    13     2     9
 -3.7701398514427853E-01 a      1165     1    13     2    10
  8.8577131000567177E-01 a      1166     1    13     2    11
  1.9614916518583683E-01 a      1167     1    13     2    12
  7.4564504526570308E-01 a      1168     1    13     2    13
 -7.5486747091097472E-01 a      1169     1    13     2    14
  1.3133383608634486E+00 a      1170     1    13     2    15
 -1.3517317390508499E-01 a      1171     1    14     2     1
 -8.1145337135607620E-01 a      1172     1    14     2     2
 -1.1701977323142365E+00 a      1173     1    14     2     3
  2.4204379752114727E-01 a      1174     1    14     2     4
 -4.2699396271396545E-01 a      1175     1    14     2     5
  8.1100341472757331E-01 a      1176     1    14     2     6
  6.2680087027615361E-01 a      1177     1    14     2     7
  9.9598271100828209E-02 a      1178     1    14     2     8
 -1.5883046557730987E+00 a      1179     1    14     2     9
  1.5519858868908604E-01 a      1180     1    14     2    10
  1.0503649832916272E-01 a      1181     1    14     2    11
 -2.3734370066010330E-01 a      1182     1    14     2    12
  9.0246511307666466E-01 a      1183     1    14     2    13
  5.2573474535780984E-01 a      1184     1    14     2    14
 -4.3260343872492169E-01 a      1185     1    14     2    15
  1.6429573591027269E-01 a      1186     1    15     2     1
  3.3630481493048325E-01 a      1187     1    15     2     2
 -4.5721001519290255E-01 a      1188     1    15     2     3
 -5.6918487897403412E-02 a      1189     1    15     2     4
 -4.1677866114778300E-01 a      1190     1    15     2     5
  5.2711116508413647E-01 a      1191     1    15     2     6
  9.8812209832585796E-01 a      1192     1    15     2     7
 -9.4692658638150717E-01 a      1193     1    15     2     8
 -1.8418985963867587E+00 a      1194     1    15     2     9
  5.5688203765772093E-01 a      1195     1    15     2    10
  7.7584307022988880E-02 a      1196     1    15     2    11
 -4.6233116325796124E-02 a      1197     1    15     2    12
 -1.9156762691959425E-01 a      1198     1    15     2    13
  1.4622446008841339E-01 a      1199     1    15     2    14
  1.8727317201482407E-01 a      1200     1    15     2    15
 -7.7299126579110256E-01 b      1201     2     1
 -3.4493464282690856E-01 b      1202     2     2
  3.0724009824594778E-01 b      1203     2     3
 -7.1177433420909852E-01 b      1204     2     4
 -1.8335004268389046E-01 b      1205     2     5
  1.0543166689064540E+00 b      1206     2     6
  2.3172931107684742E+00 b      1207     2     7
 -6.2266607997994272E-01 b      1208     2     8
 -4.8506596347071262E-01 b      1209     2     9
 -2.8356553909565568E-01 b      1210     2    10
  7.6000196057328073E-01 b      1211     2    11
  1.3269274414603107E+00 b      1212     2    12
  1.4073084590602461E-01 b      1213     2    13
 -3.4385503144716884E-01 b      1214     2    14
  1.1094378481343972E+00 b      1215     2    15
  9.3019840695893263E-01 a      1216     2     1     3     1
  1.5588992640368227E-01 a      1217     2     2     3     1
  1.9952415898030637E-01 a      1218     2     3     3     1
 -1.2423247655050136E+00 a      1219     2     4     3     1
 -5.5599650382162336E-01 a      1220     2     5     3     1
 -7.5192708352638193E-01 a      1221     2     6     3     1
 -3.8458100371843063E-01 a      1222     2     7     3     1
  5.6050970869786387E-01 a      1223     2     8     3     1
 -1.5568042629243387E-01 a      1224     2     9     3     1
 -4.1868688843763496E-01 a      1225     2    10     3     1
  1.9787825281223775E-01 a      1226     2    11     3     1
  7.4520182312168926E-01 a      1227     2    12     3     1
 -3.0280082088984611E-01 a      1228     2    13     3     1
  1.0363752977190170E+00 a      1229     2    14     3     1
  6.4014818265681436E-02 a      1230     2    15     3     1
  1.4438445866032529E-01 b      1231     3     1
