################################################################################
# Neural network connection values (weights and biases).
################################################################################
# Col  Name       Description
################################################################################
# 1    connection Neural network connection value.
# 2    t          Connection type (a = weight, b = bias).
# 3    index      Index enumerating weights.
# 4    l_s        Starting point layer (end point layer for biases).
# 5    n_s        Starting point neuron in starting layer (end point neuron for biases).
# 6    l_e        End point layer.
# 7    n_e        End point neuron in end layer.
################################################################################
#                      1 2         3     4     5     6     7
#             connection t     index   l_s   n_s   l_e   n_e
############################################################
 -4.8926097341898034E-01 a         1     0     1     1     1
 -1.2118981661601380E+00 a         2     0     1     1     2
 -1.1932515029913932E-01 a         3     0     1     1     3
  2.0592142697554353E-01 a         4     0     1     1     4
 -1.1058181827848617E+00 a         5     0     1     1     5
  3.9449441248436679E-01 a         6     0     1     1     6
  1.3086559111326926E-01 a         7     0     1     1     7
  1.1475166895215533E-01 a         8     0     1     1     8
  1.0989503124896303E+00 a         9     0     1     1     9
 -7.5966164768003497E-01 a        10     0     1     1    10
  1.0077203702261268E+00 a        11     0     1     1    11
  7.9150667828071697E-01 a        12     0     1     1    12
  1.4395278015938038E+00 a        13     0     1     1    13
 -9.1520199133218949E-01 a        14     0     1     1    14
  4.2801950570773956E-01 a        15     0     1     1    15
  1.5600607900779480E+00 a        16     0     2     1     1
 -1.2505450545999869E-01 a        17     0     2     1     2
  1.0343371477926326E+00 a        18     0     2     1     3
 -2.7164236275815030E+00 a        19     0     2     1     4
 -4.7261953499193254E-01 a        20     0     2     1     5
  8.0052383139187766E-01 a        21     0     2     1     6
  1.9299884627917665E+00 a        22     0     2     1     7
  1.4248024179286258E+00 a        23     0     2     1     8
  1.1813008567963963E+00 a        24     0     2     1     9
  1.5069503826681556E+00 a        25     0     2     1    10
  2.7776940796944181E+00 a        26     0     2     1    11
  2.3110453248534002E+00 a        27     0     2     1    12
  7.2454622161722748E-01 a        28     0     2     1    13
  1.0702947833189866E+00 a        29     0     2     1    14
  1.8008135771510458E+00 a        30     0     2     1    15
  7.8765088055711152E-01 a        31     0     3     1     1
 -1.2767467453160382E+00 a        32     0     3     1     2
 -4.2393563449997690E-01 a        33     0     3     1     3
 -1.5590038084231153E-01 a        34     0     3     1     4
 -3.9411529511036142E-01 a        35     0     3     1     5
  2.2300009249635294E-01 a        36     0     3     1     6
  2.0852966138527454E-01 a        37     0     3     1     7
 -4.4587885034511154E-01 a        38     0     3     1     8
  7.7320791083608842E-02 a        39     0     3     1     9
  7.4899735732016182E-01 a        40     0     3     1    10
 -4.3022534733216738E-01 a        41     0     3     1    11
 -7.8274042361739271E-01 a        42     0     3     1    12
  3.8565349723701076E-01 a        43     0     3     1    13
 -2.0110363070900056E-01 a        44     0     3     1    14
  3.6012324561047415E-01 a        45     0     3     1    15
  2.5602203980726684E-01 a        46     0     4     1     1
 -1.5073049838609591E+00 a        47     0     4     1     2
 -3.0666240435937775E-01 a        48     0     4     1     3
  2.1881521594176805E+00 a        49     0     4     1     4
  3.5391228067985686E-01 a        50     0     4     1     5
 -6.8065206594853966E-01 a        51     0     4     1     6
 -1.6704293015649654E+00 a        52     0     4     1     7
 -9.0259303579488837E-01 a        53     0     4     1     8
 -1.5084421979417362E+00 a        54     0     4     1     9
 -1.5815032400582498E+00 a        55     0     4     1    10
 -2.1084296800002900E+00 a        56     0     4     1    11
 -4.0020337944808926E+00 a        57     0     4     1    12
  2.2455162384132197E+00 a        58     0     4     1    13
 -3.5904180499192845E-01 a        59     0     4     1    14
 -7.5962796173121339E-01 a        60     0     4     1    15
  2.9244538333607456E-01 a        61     0     5     1     1
  2.5253035565669046E-01 a        62     0     5     1     2
 -5.0112581820092728E-01 a        63     0     5     1     3
  1.2730787791443110E-01 a        64     0     5     1     4
  9.3441792507034616E-01 a        65     0     5     1     5
  3.0469464434705323E-01 a        66     0     5     1     6
 -8.6382256813583957E-01 a        67     0     5     1     7
  6.9168385099644258E-01 a        68     0     5     1     8
 -1.3849892289626260E+00 a        69     0     5     1     9
  3.5890261626549491E-01 a        70     0     5     1    10
 -6.4403915530624523E-01 a        71     0     5     1    11
  7.5419874793484762E-02 a        72     0     5     1    12
  9.1304246171353323E-03 a        73     0     5     1    13
  1.8042521205926831E-01 a        74     0     5     1    14
 -4.6048009144032753E-01 a        75     0     5     1    15
 -1.5630383016487619E+00 a        76     0     6     1     1
 -2.7194328314930777E-01 a        77     0     6     1     2
 -1.0630447656865665E+00 a        78     0     6     1     3
  2.8328365109802611E+00 a        79     0     6     1     4
  2.4284383572718443E-01 a        80     0     6     1     5
 -2.8295970204342907E-01 a        81     0     6     1     6
 -2.9859469114354655E+00 a        82     0     6     1     7
 -1.1555648983134359E+00 a        83     0     6     1     8
 -1.9484294596380602E+00 a        84     0     6     1     9
 -1.7651923726052103E+00 a        85     0     6     1    10
 -2.3975684425639159E+00 a        86     0     6     1    11
 -1.8430446934940425E+00 a        87     0     6     1    12
  6.6989809239121811E-01 a        88     0     6     1    13
 -2.9819966072547195E+00 a        89     0     6     1    14
 -1.7157555536565556E+00 a        90     0     6     1    15
  1.1358017681029457E-02 a        91     0     7     1     1
 -5.2321604948103473E-01 a        92     0     7     1     2
 -1.6748954685580244E+00 a        93     0     7     1     3
  8.6937707725750757E-01 a        94     0     7     1     4
  8.3688685108322125E-01 a        95     0     7     1     5
 -9.2327833575117257E-01 a        96     0     7     1     6
 -2.7088278105791141E-01 a        97     0     7     1     7
 -1.7223327776699737E-01 a        98     0     7     1     8
 -2.1830540841580637E-02 a        99     0     7     1     9
  4.4977541854044734E-01 a       100     0     7     1    10
 -1.3171896383201513E+00 a       101     0     7     1    11
 -5.2328950582051947E-01 a       102     0     7     1    12
 -1.9511744177575951E-01 a       103     0     7     1    13
  6.3075276502470623E-01 a       104     0     7     1    14
  3.3078363187158316E-01 a       105     0     7     1    15
 -2.3575348737102228E-01 a       106     0     8     1     1
  1.0218296379272653E+00 a       107     0     8     1     2
 -7.6183703205511744E-01 a       108     0     8     1     3
 -2.5649406453534849E+00 a       109     0     8     1     4
  3.9222143339993593E-01 a       110     0     8     1     5
 -7.3573717037638620E-01 a       111     0     8     1     6
  2.7271907904305768E+00 a       112     0     8     1     7
  8.4017218738798888E-02 a       113     0     8     1     8
  2.0441911347982411E+00 a       114     0     8     1     9
  2.5602183080446590E+00 a       115     0     8     1    10
  1.8090911797877731E+00 a       116     0     8     1    11
  3.8278685529784724E+00 a       117     0     8     1    12
  1.5979939578740682E-02 a       118     0     8     1    13
 -1.7663743775459779E+00 a       119     0     8     1    14
  2.1192017570130048E-01 a       120     0     8     1    15
 -5.3178994495655763E-01 a       121     0     9     1     1
  7.9663725076914582E-01 a       122     0     9     1     2
 -1.8932291482303717E-03 a       123     0     9     1     3
  7.2173152329975943E-01 a       124     0     9     1     4
 -1.3086134052435344E-02 a       125     0     9     1     5
 -1.1590012460439358E+00 a       126     0     9     1     6
 -2.2919150416728010E-01 a       127     0     9     1     7
  1.5618340641579312E-01 a       128     0     9     1     8
  7.9920899593283679E-01 a       129     0     9     1     9
 -4.7550101447317811E-01 a       130     0     9     1    10
 -5.9604792377311477E-01 a       131     0     9     1    11
  5.9834127899416778E-01 a       132     0     9     1    12
  6.2886978370124547E-01 a       133     0     9     1    13
 -6.0646189501796510E-01 a       134     0     9     1    14
 -7.6510322830652921E-01 a       135     0     9     1    15
  1.1989609524896501E-02 a       136     0    10     1     1
 -1.9700376057283384E-01 a       137     0    10     1     2
 -5.8550165148735945E-03 a       138     0    10     1     3
  5.5794460135200086E-01 a       139     0    10     1     4
 -7.6363586297590283E-02 a       140     0    10     1     5
  1.2307670463165712E+00 a       141     0    10     1     6
 -3.7961958088484016E-01 a       142     0    10     1     7
  3.4820949803844656E+00 a       143     0    10     1     8
  3.3787048862414948E-01 a       144     0    10     1     9
 -1.8105321519942681E+00 a       145     0    10     1    10
 -2.7224043505014861E+00 a       146     0    10     1    11
 -1.6830859135510161E+00 a       147     0    10     1    12
 -1.0023410528556362E+00 a       148     0    10     1    13
  4.0219260870783051E+00 a       149     0    10     1    14
 -1.4333792361762530E+00 a       150     0    10     1    15
  4.4156019998629011E-02 a       151     0    11     1     1
  8.9299517535728501E-01 a       152     0    11     1     2
  1.8950671119789373E+00 a       153     0    11     1     3
 -3.7935951049330008E-01 a       154     0    11     1     4
  1.6616930140395686E-01 a       155     0    11     1     5
 -1.2789056935495002E+00 a       156     0    11     1     6
 -4.6810206567631624E-01 a       157     0    11     1     7
 -4.6942720595039178E-02 a       158     0    11     1     8
  7.7721860521303787E-01 a       159     0    11     1     9
 -6.1034619903276188E-01 a       160     0    11     1    10
  4.9756321593156061E-01 a       161     0    11     1    11
  3.6934896535583839E-01 a       162     0    11     1    12
 -6.5894527366988931E-01 a       163     0    11     1    13
  1.3622372687395837E-01 a       164     0    11     1    14
 -1.2056590652076697E-01 a       165     0    11     1    15
  1.9703763706159225E+00 a       166     0    12     1     1
  4.5006152051392445E-01 a       167     0    12     1     2
  1.4497982316674740E-01 a       168     0    12     1     3
 -1.7347729310447195E+00 a       169     0    12     1     4
 -8.7182250799951277E-01 a       170     0    12     1     5
  1.8433675448645878E-01 a       171     0    12     1     6
 -1.4924404520296000E+00 a       172     0    12     1     7
 -4.3133772296043977E+00 a       173     0    12     1     8
  1.2205253590546973E-01 a       174     0    12     1     9
 -5.3402503274644852E-01 a       175     0    12     1    10
  1.2648368341914076E+00 a       176     0    12     1    11
  8.4956696164979961E-01 a       177     0    12     1    12
 -1.2936061110474060E+00 a       178     0    12     1    13
 -9.3178349148994055E-01 a       179     0    12     1    14
  1.0219923146473913E+00 a       180     0    12     1    15
 -2.4587446538213614E-01 a       181     0    13     1     1
 -1.9404332977737845E-01 a       182     0    13     1     2
 -6.8264760424983151E-01 a       183     0    13     1     3
  2.0546940914018033E-01 a       184     0    13     1     4
 -3.4764786029440137E-01 a       185     0    13     1     5
  3.5000153897559011E-01 a       186     0    13     1     6
  4.6126785379202628E-01 a       187     0    13     1     7
 -1.6443158210161832E-02 a       188     0    13     1     8
  4.2107516221088465E-01 a       189     0    13     1     9
  3.5111363485462238E-01 a       190     0    13     1    10
 -7.6041806054948624E-01 a       191     0    13     1    11
  5.9375454004148155E-02 a       192     0    13     1    12
 -9.1489772550923248E-03 a       193     0    13     1    13
  4.9744726997334493E-01 a       194     0    13     1    14
  9.5052916698967604E-01 a       195     0    13     1    15
 -1.0467493269112376E+00 a       196     0    14     1     1
 -1.1682192412361097E+00 a       197     0    14     1     2
  5.1827723030359685E-01 a       198     0    14     1     3
  3.3593023186596643E-01 a       199     0    14     1     4
  3.8638112833322309E-02 a       200     0    14     1     5
  4.9787255016630161E-01 a       201     0    14     1     6
  4.3055451487513013E-01 a       202     0    14     1     7
  1.0620366073543053E+00 a       203     0    14     1     8
  8.3090758974928058E-01 a       204     0    14     1     9
  1.5553852847572642E+00 a       205     0    14     1    10
 -3.5896459145956106E-01 a       206     0    14     1    11
 -2.5992236135962943E-01 a       207     0    14     1    12
 -4.9538778074134099E-01 a       208     0    14     1    13
 -2.4024319838835510E-02 a       209     0    14     1    14
 -1.4100217079972968E-01 a       210     0    14     1    15
  1.3205497937748634E-01 a       211     0    15     1     1
 -5.5195979289774447E-02 a       212     0    15     1     2
  1.4468405532792558E-01 a       213     0    15     1     3
  6.3464301570117079E-02 a       214     0    15     1     4
  3.5817665792143107E-02 a       215     0    15     1     5
 -1.9696431526952607E-01 a       216     0    15     1     6
 -4.0963711959455577E-02 a       217     0    15     1     7
 -5.9766229615861408E-02 a       218     0    15     1     8
 -5.3311204380300070E-01 a       219     0    15     1     9
 -4.9906917634443729E-02 a       220     0    15     1    10
  2.0752343582778349E-01 a       221     0    15     1    11
 -2.5372856950245857E-02 a       222     0    15     1    12
 -9.0918164508900487E-02 a       223     0    15     1    13
 -1.4786946531143558E-01 a       224     0    15     1    14
 -9.1575480707739715E-02 a       225     0    15     1    15
  4.4952403628630552E-02 a       226     0    16     1     1
  1.4570831092461650E-01 a       227     0    16     1     2
 -1.1826113491138143E-01 a       228     0    16     1     3
 -8.5143402625158612E-02 a       229     0    16     1     4
 -1.7223188088108790E-01 a       230     0    16     1     5
 -1.0049455243038094E-01 a       231     0    16     1     6
 -2.2700148627490372E-02 a       232     0    16     1     7
 -3.9774710044472400E-01 a       233     0    16     1     8
 -6.4694489076841599E-01 a       234     0    16     1     9
 -1.3256752290986840E-01 a       235     0    16     1    10
 -1.2781215204120036E-01 a       236     0    16     1    11
  5.9124840983438752E-02 a       237     0    16     1    12
  6.3977467778011735E-02 a       238     0    16     1    13
  3.1827491831884958E-01 a       239     0    16     1    14
  7.1150370787402981E-02 a       240     0    16     1    15
  2.9368211473731964E-01 a       241     0    17     1     1
  2.2478094844358559E-01 a       242     0    17     1     2
  7.7095095179972106E-01 a       243     0    17     1     3
  1.9280061972149970E-01 a       244     0    17     1     4
 -1.2113243115231892E-01 a       245     0    17     1     5
  2.3437766559142845E-01 a       246     0    17     1     6
 -2.2434884888342238E-01 a       247     0    17     1     7
 -2.1724006413361618E-01 a       248     0    17     1     8
 -1.3520156597637914E-01 a       249     0    17     1     9
 -1.9661424520133550E-01 a       250     0    17     1    10
  2.3490250025041237E-01 a       251     0    17     1    11
  1.5491377073253029E-01 a       252     0    17     1    12
  1.8745996832401030E-01 a       253     0    17     1    13
  1.3428808531572026E-01 a       254     0    17     1    14
  4.2791862900747030E-01 a       255     0    17     1    15
  4.7614781897860559E-01 a       256     0    18     1     1
  8.3933567280490085E-01 a       257     0    18     1     2
  1.2988567234396216E+00 a       258     0    18     1     3
 -8.9506211784656986E-01 a       259     0    18     1     4
  2.7402186768300713E-01 a       260     0    18     1     5
 -4.3959212065460102E-01 a       261     0    18     1     6
  7.5916541526315007E-01 a       262     0    18     1     7
  2.5668172302559256E-01 a       263     0    18     1     8
  2.5560952163130096E-01 a       264     0    18     1     9
 -4.6978311550493823E-01 a       265     0    18     1    10
  9.3721927925666443E-02 a       266     0    18     1    11
 -3.7072586349052955E-01 a       267     0    18     1    12
 -1.2608123813136347E+00 a       268     0    18     1    13
  6.5644453279665060E-01 a       269     0    18     1    14
 -2.2848877476071003E-01 a       270     0    18     1    15
  3.6418581471494582E-01 a       271     0    19     1     1
  2.5094082343040941E-01 a       272     0    19     1     2
 -1.7577475164142108E-02 a       273     0    19     1     3
 -3.4952854178973318E+00 a       274     0    19     1     4
 -2.3109071149826725E+00 a       275     0    19     1     5
  3.3583090520449421E-01 a       276     0    19     1     6
  1.4456596195110016E+00 a       277     0    19     1     7
  5.1039713483324678E-01 a       278     0    19     1     8
  1.3284678913267898E+00 a       279     0    19     1     9
  1.3952418349775160E+00 a       280     0    19     1    10
  2.0220718258058260E-01 a       281     0    19     1    11
 -3.6682416252565093E+00 a       282     0    19     1    12
 -2.2766115656143753E+00 a       283     0    19     1    13
 -8.1060806192419166E-01 a       284     0    19     1    14
  7.0707809158293805E-02 a       285     0    19     1    15
  6.4426053269062922E-01 a       286     0    20     1     1
 -2.9101637394520136E-01 a       287     0    20     1     2
 -8.2027385701951561E-01 a       288     0    20     1     3
 -5.2813524586442152E-02 a       289     0    20     1     4
  5.0419063368823414E-01 a       290     0    20     1     5
 -7.2411336406095683E-01 a       291     0    20     1     6
  2.6548612862659138E-01 a       292     0    20     1     7
  2.7445838575028575E-01 a       293     0    20     1     8
 -6.8669190698794125E-01 a       294     0    20     1     9
 -7.0916294089457566E-01 a       295     0    20     1    10
 -3.9444414338018735E-01 a       296     0    20     1    11
 -1.3987068338913411E-01 a       297     0    20     1    12
  9.0592106438816863E-02 a       298     0    20     1    13
  2.8539485862521297E-01 a       299     0    20     1    14
  1.4507846152078671E-01 a       300     0    20     1    15
 -4.6536282658829214E-01 a       301     0    21     1     1
  9.3858915291081568E-01 a       302     0    21     1     2
 -1.0563243882098852E+00 a       303     0    21     1     3
 -6.5310010303864874E-01 a       304     0    21     1     4
  2.7864780381571008E-01 a       305     0    21     1     5
  2.7453018372820933E-02 a       306     0    21     1     6
 -5.2687002265034488E-01 a       307     0    21     1     7
 -3.2870915215797297E-01 a       308     0    21     1     8
  6.1718453827730405E-02 a       309     0    21     1     9
  1.5444543014732889E-01 a       310     0    21     1    10
  3.9120172460341790E-01 a       311     0    21     1    11
  2.3179454328856941E-01 a       312     0    21     1    12
 -4.7135239894589870E-01 a       313     0    21     1    13
  9.3448897206879311E-01 a       314     0    21     1    14
 -1.0436772994233139E+00 a       315     0    21     1    15
 -3.0866776181069489E-01 a       316     0    22     1     1
  1.7494221744757874E+00 a       317     0    22     1     2
 -1.2104335146515135E+00 a       318     0    22     1     3
  2.7200800524490929E+00 a       319     0    22     1     4
 -1.5626319780277316E+00 a       320     0    22     1     5
  2.3300191639103325E+00 a       321     0    22     1     6
 -6.5472489718584881E-01 a       322     0    22     1     7
  1.0719355281677888E-01 a       323     0    22     1     8
  8.2835521555112757E-01 a       324     0    22     1     9
  1.9999085208223579E+00 a       325     0    22     1    10
 -5.2248673773100651E-01 a       326     0    22     1    11
  2.9283939435463915E+00 a       327     0    22     1    12
  6.0109077349225692E-01 a       328     0    22     1    13
 -1.0153415652835438E+00 a       329     0    22     1    14
  1.7679536235028521E+00 a       330     0    22     1    15
 -1.2923485780521640E-01 a       331     0    23     1     1
 -9.9904080053910216E-02 a       332     0    23     1     2
 -2.3579184519950500E-01 a       333     0    23     1     3
 -2.1093578536359603E-01 a       334     0    23     1     4
 -8.3650240995740352E-03 a       335     0    23     1     5
 -1.3071481361356052E-01 a       336     0    23     1     6
  2.8784222883035428E-02 a       337     0    23     1     7
  5.7988992502447469E-02 a       338     0    23     1     8
 -1.0974232016384323E-01 a       339     0    23     1     9
  7.9258721830193694E-04 a       340     0    23     1    10
 -8.0249839834165240E-02 a       341     0    23     1    11
 -4.4227050319939565E-02 a       342     0    23     1    12
 -4.1038655966191703E-02 a       343     0    23     1    13
 -2.7353548386603872E-02 a       344     0    23     1    14
 -2.2437249330111764E-01 a       345     0    23     1    15
  3.3011199740976865E-01 a       346     0    24     1     1
 -8.2494031942565604E-01 a       347     0    24     1     2
 -8.4593018801425255E-04 a       348     0    24     1     3
  4.3110491328477535E-01 a       349     0    24     1     4
 -4.2232269215247908E-01 a       350     0    24     1     5
  6.2192448330414385E-01 a       351     0    24     1     6
 -7.8345240240166147E-01 a       352     0    24     1     7
 -4.8144734809198536E-01 a       353     0    24     1     8
  1.7162789214568405E-01 a       354     0    24     1     9
  6.5771602973387933E-01 a       355     0    24     1    10
 -6.6045431570736590E-01 a       356     0    24     1    11
  4.4744214503570780E-02 a       357     0    24     1    12
  7.1633022391516710E-01 a       358     0    24     1    13
  3.7075691686718981E-01 a       359     0    24     1    14
  1.2959618828176447E+00 a       360     0    24     1    15
 -7.8729063455321380E-01 a       361     0    25     1     1
 -1.4742240649818057E+00 a       362     0    25     1     2
 -7.2511699308381006E-01 a       363     0    25     1     3
  1.0391226641718185E+00 a       364     0    25     1     4
  1.4811600870857098E+00 a       365     0    25     1     5
 -7.2770111388127234E-01 a       366     0    25     1     6
 -3.5888061686589218E-01 a       367     0    25     1     7
 -2.1528108441309729E-01 a       368     0    25     1     8
 -1.6407579747014713E+00 a       369     0    25     1     9
 -2.1223021340880539E+00 a       370     0    25     1    10
 -1.2249236840725473E+00 a       371     0    25     1    11
  2.2763241030058583E+00 a       372     0    25     1    12
 -1.1085180528460992E+00 a       373     0    25     1    13
  7.5210008608646772E-01 a       374     0    25     1    14
 -5.7904377759695247E-01 a       375     0    25     1    15
 -7.3335390713879656E-01 a       376     0    26     1     1
  4.9728139815564987E-01 a       377     0    26     1     2
  6.7874189401358073E-02 a       378     0    26     1     3
  4.0425240829191145E-01 a       379     0    26     1     4
 -2.2934240062992947E-01 a       380     0    26     1     5
 -1.3002751605349366E-01 a       381     0    26     1     6
 -1.6501625112696733E-02 a       382     0    26     1     7
 -9.2520330192073327E-02 a       383     0    26     1     8
  2.7964098843775842E-01 a       384     0    26     1     9
  1.0201896865421420E-01 a       385     0    26     1    10
 -2.1093894749055819E-01 a       386     0    26     1    11
  1.1437915264586350E-01 a       387     0    26     1    12
 -3.8865764546712006E-01 a       388     0    26     1    13
 -3.8373218590830510E-01 a       389     0    26     1    14
 -4.8830418210383747E-01 a       390     0    26     1    15
 -8.8000067176446256E-04 a       391     0    27     1     1
  3.4520675163604464E-01 a       392     0    27     1     2
  4.4475232376187407E-01 a       393     0    27     1     3
  5.9101294327419562E-01 a       394     0    27     1     4
  6.3121336624676694E-01 a       395     0    27     1     5
 -4.4392787577118481E-01 a       396     0    27     1     6
  6.1883729926955344E-01 a       397     0    27     1     7
  4.7997635143638823E-01 a       398     0    27     1     8
 -8.6999602210486016E-01 a       399     0    27     1     9
 -2.4617879735914089E-01 a       400     0    27     1    10
  1.1211312614437531E-01 a       401     0    27     1    11
 -7.8526410881256670E-02 a       402     0    27     1    12
 -3.1206203657955839E-01 a       403     0    27     1    13
 -1.0542012737813695E+00 a       404     0    27     1    14
 -3.0425644661156143E-01 a       405     0    27     1    15
  1.2081372053649038E+00 a       406     0    28     1     1
 -4.6546735031927972E-01 a       407     0    28     1     2
  1.9916046468487183E+00 a       408     0    28     1     3
 -6.4973498687732112E-01 a       409     0    28     1     4
  1.6897088974416981E+00 a       410     0    28     1     5
 -1.6385330364582786E+00 a       411     0    28     1     6
 -1.8214948857010604E-01 a       412     0    28     1     7
 -1.0878710744418880E+00 a       413     0    28     1     8
  3.4746555438368226E-01 a       414     0    28     1     9
 -1.1539929954742414E+00 a       415     0    28     1    10
  2.2261734410338033E-02 a       416     0    28     1    11
 -5.2538747658507512E-01 a       417     0    28     1    12
 -3.3698695561858466E-01 a       418     0    28     1    13
  2.5781220980331434E+00 a       419     0    28     1    14
 -2.5271825347822213E-01 a       420     0    28     1    15
  1.6787507890872302E-01 a       421     0    29     1     1
  2.0334828065744495E-01 a       422     0    29     1     2
  1.6560744699846652E-01 a       423     0    29     1     3
  2.4181222904205485E-01 a       424     0    29     1     4
  2.0549784576294375E-01 a       425     0    29     1     5
  4.5399378372478261E-02 a       426     0    29     1     6
  2.9899007769956548E-01 a       427     0    29     1     7
  2.7920767079361564E-01 a       428     0    29     1     8
  3.9504571130383082E-01 a       429     0    29     1     9
  4.9542016230719471E-01 a       430     0    29     1    10
  1.3695903039395692E-02 a       431     0    29     1    11
 -2.3633995004792858E-02 a       432     0    29     1    12
 -3.1094129343042409E-01 a       433     0    29     1    13
 -4.6375107661682380E-01 a       434     0    29     1    14
 -1.9778733274575334E-02 a       435     0    29     1    15
  7.3943183645237409E-01 a       436     0    30     1     1
  4.0405882928542625E-01 a       437     0    30     1     2
 -7.5544633812255596E-02 a       438     0    30     1     3
 -7.2478407980523019E-01 a       439     0    30     1     4
  4.6857168642434771E-01 a       440     0    30     1     5
 -4.9831638501094638E-01 a       441     0    30     1     6
  1.6977010059449874E-01 a       442     0    30     1     7
  3.2885544827338592E-01 a       443     0    30     1     8
 -2.0318436061218123E-01 a       444     0    30     1     9
 -5.4182158282471105E-01 a       445     0    30     1    10
  3.3451240343296662E-01 a       446     0    30     1    11
 -3.8286006433150249E-01 a       447     0    30     1    12
 -3.9978369912094419E-01 a       448     0    30     1    13
 -1.5402146422336793E+00 a       449     0    30     1    14
 -1.1878292389593252E+00 a       450     0    30     1    15
  6.8054560482044668E-01 a       451     0    31     1     1
 -1.3393708614571123E+00 a       452     0    31     1     2
  1.1627585647677734E+00 a       453     0    31     1     3
 -1.7969173391038449E+00 a       454     0    31     1     4
  2.1673989909102769E+00 a       455     0    31     1     5
 -9.3011130158074529E-01 a       456     0    31     1     6
 -2.7353973800205207E+00 a       457     0    31     1     7
  1.8631700413699853E-01 a       458     0    31     1     8
  1.4856628708787705E+00 a       459     0    31     1     9
 -4.1319171166932750E-01 a       460     0    31     1    10
  1.9757166868560676E+00 a       461     0    31     1    11
  1.8073150180508679E+00 a       462     0    31     1    12
 -5.6991154714394887E-01 a       463     0    31     1    13
  2.4894234917629023E+00 a       464     0    31     1    14
 -1.5734329379849616E+00 a       465     0    31     1    15
 -1.2413416623753410E+00 a       466     0    32     1     1
  2.5498715944641454E-01 a       467     0    32     1     2
  2.9526460662952658E-01 a       468     0    32     1     3
 -4.5448955789998557E-01 a       469     0    32     1     4
 -9.1311035933956131E-01 a       470     0    32     1     5
  1.2026837805071184E+00 a       471     0    32     1     6
 -1.6143527769144454E-02 a       472     0    32     1     7
 -2.7128919053179273E-01 a       473     0    32     1     8
 -7.1840553723805944E-01 a       474     0    32     1     9
  9.2418901457634151E-02 a       475     0    32     1    10
 -2.5146909476426293E-01 a       476     0    32     1    11
  4.3306972834842666E-02 a       477     0    32     1    12
 -7.1365773970925594E-01 a       478     0    32     1    13
  5.0765829501761262E-01 a       479     0    32     1    14
  2.2259077810129238E-01 a       480     0    32     1    15
 -6.1884647275006388E-01 a       481     0    33     1     1
  1.0470080066719218E+00 a       482     0    33     1     2
  1.2405132670422860E-01 a       483     0    33     1     3
  1.1070135121081004E+00 a       484     0    33     1     4
 -6.7291027660950931E-01 a       485     0    33     1     5
  4.2356872221070463E-01 a       486     0    33     1     6
 -1.9673311258917799E-02 a       487     0    33     1     7
 -2.4649838465639853E-01 a       488     0    33     1     8
  1.0072238825303781E+00 a       489     0    33     1     9
 -1.0757321937450566E+00 a       490     0    33     1    10
 -2.9914171391070554E-01 a       491     0    33     1    11
  1.2226783055441469E-01 a       492     0    33     1    12
 -6.5832940083145705E-02 a       493     0    33     1    13
  6.7079945840279720E-01 a       494     0    33     1    14
  8.3320004659342750E-01 a       495     0    33     1    15
 -6.3296220233632428E-01 a       496     0    34     1     1
  1.6442389640922355E+00 a       497     0    34     1     2
 -1.1548568400439738E+00 a       498     0    34     1     3
  4.1916031699536935E+00 a       499     0    34     1     4
  2.7350989083882182E+00 a       500     0    34     1     5
 -1.3654439483265313E-01 a       501     0    34     1     6
  1.5598863656664423E+00 a       502     0    34     1     7
 -3.5760548510501963E-02 a       503     0    34     1     8
  1.4275812545245092E+00 a       504     0    34     1     9
  3.0874852775619277E+00 a       505     0    34     1    10
 -2.1381927892323955E+00 a       506     0    34     1    11
 -1.2020096442650963E+00 a       507     0    34     1    12
  1.6954889386295375E+00 a       508     0    34     1    13
 -1.9023239141678031E-01 a       509     0    34     1    14
  2.1610578288720879E+00 a       510     0    34     1    15
  2.7576293823665571E-01 a       511     0    35     1     1
 -2.1627751494115521E-01 a       512     0    35     1     2
  3.2992421395245219E-02 a       513     0    35     1     3
  1.0599030207543871E-01 a       514     0    35     1     4
 -8.3816214558351559E-02 a       515     0    35     1     5
  2.5933635711210340E-01 a       516     0    35     1     6
 -2.9224421813309937E-02 a       517     0    35     1     7
 -8.5034937532921184E-02 a       518     0    35     1     8
 -2.3218729898235987E-01 a       519     0    35     1     9
 -7.7145051797141984E-02 a       520     0    35     1    10
  2.0071930958446013E-01 a       521     0    35     1    11
 -3.7494081027234887E-02 a       522     0    35     1    12
  1.9690488329466743E-01 a       523     0    35     1    13
  1.2922005715262769E-01 a       524     0    35     1    14
  2.5821116770835989E-01 a       525     0    35     1    15
 -7.8007968126517280E-01 a       526     0    36     1     1
 -3.4648889430134844E-01 a       527     0    36     1     2
 -1.7506888780433477E-01 a       528     0    36     1     3
  4.0369961494266048E-02 a       529     0    36     1     4
  5.9898415721701148E-01 a       530     0    36     1     5
 -5.9298270314955159E-01 a       531     0    36     1     6
  5.8292723330209717E-01 a       532     0    36     1     7
  5.4630252805208657E-01 a       533     0    36     1     8
  2.3203375115245611E-01 a       534     0    36     1     9
  1.7070634144598286E-02 a       535     0    36     1    10
  3.8689697092439718E-01 a       536     0    36     1    11
  2.4065525962647599E-01 a       537     0    36     1    12
  1.2760310386250565E-01 a       538     0    36     1    13
 -4.8060049413323686E-01 a       539     0    36     1    14
 -2.4057287577058981E-01 a       540     0    36     1    15
  3.8676435807621790E-01 a       541     0    37     1     1
 -7.6520066167687772E-01 a       542     0    37     1     2
  1.8587543180567243E-01 a       543     0    37     1     3
  2.7309569882324197E-01 a       544     0    37     1     4
 -9.8879693064977447E-01 a       545     0    37     1     5
  3.9329366247346942E-01 a       546     0    37     1     6
  1.1444615038700365E+00 a       547     0    37     1     7
  4.8935921796797327E-01 a       548     0    37     1     8
 -2.3170121673943038E+00 a       549     0    37     1     9
  1.0798576469468628E+00 a       550     0    37     1    10
  2.1254653388349207E+00 a       551     0    37     1    11
 -1.5298585548603787E+00 a       552     0    37     1    12
  3.2762951426093578E+00 a       553     0    37     1    13
 -1.1204591536378612E+00 a       554     0    37     1    14
  5.0590862022517069E-01 a       555     0    37     1    15
  7.2941834875121236E-01 a       556     0    38     1     1
 -3.2851921619262642E-01 a       557     0    38     1     2
  5.1668294536705173E-01 a       558     0    38     1     3
 -2.4038119920016654E-01 a       559     0    38     1     4
  1.6185654226552509E-01 a       560     0    38     1     5
  4.2850022860927245E-01 a       561     0    38     1     6
 -1.3168427678296477E-01 a       562     0    38     1     7
 -8.3664376161369483E-04 a       563     0    38     1     8
  3.1345677988773646E-01 a       564     0    38     1     9
  5.7506332263254312E-01 a       565     0    38     1    10
  6.3862568851964374E-01 a       566     0    38     1    11
 -6.7852467531902466E-02 a       567     0    38     1    12
  4.0961580039070666E-01 a       568     0    38     1    13
  9.9415887816674361E-02 a       569     0    38     1    14
  2.6840807356459895E-01 a       570     0    38     1    15
 -3.4721180890128567E-01 a       571     0    39     1     1
 -4.5385799382025233E-01 a       572     0    39     1     2
  1.3064776987789639E+00 a       573     0    39     1     3
 -1.0577528081558512E+00 a       574     0    39     1     4
 -7.9132173399844330E-01 a       575     0    39     1     5
  3.8792156676345585E-01 a       576     0    39     1     6
 -2.7957990519129222E-03 a       577     0    39     1     7
 -7.4517647651263419E-01 a       578     0    39     1     8
  8.7968236061803340E-01 a       579     0    39     1     9
  7.1814197032089200E-01 a       580     0    39     1    10
  5.4915166227015411E-01 a       581     0    39     1    11
  3.6867987230208815E-01 a       582     0    39     1    12
  2.6516321420723094E-01 a       583     0    39     1    13
  6.0320343150563338E-01 a       584     0    39     1    14
  1.5279258520583097E-01 a       585     0    39     1    15
 -1.2293357283552923E-01 a       586     0    40     1     1
 -1.0218675274166189E+00 a       587     0    40     1     2
  3.0302832359082630E-02 a       588     0    40     1     3
 -1.8939159952166795E+00 a       589     0    40     1     4
 -2.6692857827506553E+00 a       590     0    40     1     5
  8.5032761080914665E-01 a       591     0    40     1     6
  2.8607832099516839E-01 a       592     0    40     1     7
  1.6477178799358086E-01 a       593     0    40     1     8
 -2.0171420375044550E-02 a       594     0    40     1     9
 -1.2509429200582269E+00 a       595     0    40     1    10
  1.3426315885292939E+00 a       596     0    40     1    11
  4.2285895617628488E-01 a       597     0    40     1    12
 -2.1489779461740346E+00 a       598     0    40     1    13
  2.0697712119643445E-02 a       599     0    40     1    14
 -8.0206849601671948E-01 a       600     0    40     1    15
  1.0777245111907512E-01 a       601     0    41     1     1
 -1.6963623598676908E-01 a       602     0    41     1     2
 -8.8102332943372538E-02 a       603     0    41     1     3
 -6.6066732514686433E-01 a       604     0    41     1     4
 -3.4969210839519055E-01 a       605     0    41     1     5
 -2.3012587588994471E-01 a       606     0    41     1     6
 -1.4550406845194461E-01 a       607     0    41     1     7
 -1.8483286589540154E-01 a       608     0    41     1     8
 -6.2622761365359181E-01 a       609     0    41     1     9
 -2.0886439003061663E-01 a       610     0    41     1    10
  2.7962157870859933E-01 a       611     0    41     1    11
  6.2191981631988698E-02 a       612     0    41     1    12
  2.8618831905906139E-01 a       613     0    41     1    13
  1.7899510790768414E-01 a       614     0    41     1    14
  4.1996928365863612E-01 a       615     0    41     1    15
 -5.5140105452329669E-01 a       616     0    42     1     1
 -8.9653202450899427E-01 a       617     0    42     1     2
 -2.2752940855359188E-01 a       618     0    42     1     3
  5.6694045975263974E-01 a       619     0    42     1     4
 -5.4963059894077837E-01 a       620     0    42     1     5
  3.6775248571344787E-01 a       621     0    42     1     6
 -4.8916366902601982E-01 a       622     0    42     1     7
 -5.4712323346363689E-01 a       623     0    42     1     8
  4.2908571929756323E-01 a       624     0    42     1     9
  1.0125190801255972E+00 a       625     0    42     1    10
 -8.2208448515990379E-02 a       626     0    42     1    11
  9.7190854226984466E-02 a       627     0    42     1    12
  1.4882664890458122E-01 a       628     0    42     1    13
  1.0726202199928286E-01 a       629     0    42     1    14
  1.8270259544701017E-01 a       630     0    42     1    15
 -1.9349636507629568E+00 a       631     0    43     1     1
 -3.4781659605688442E-01 a       632     0    43     1     2
  2.4206713229563537E+00 a       633     0    43     1     3
  2.6789358091140889E-02 a       634     0    43     1     4
 -1.5600719752887064E+00 a       635     0    43     1     5
 -4.3351529674502720E-01 a       636     0    43     1     6
  3.8307548004701786E-01 a       637     0    43     1     7
 -3.9398496934928149E+00 a       638     0    43     1     8
  1.7092463700378506E+00 a       639     0    43     1     9
 -3.5612882251546585E-01 a       640     0    43     1    10
 -2.3519944095998821E-01 a       641     0    43     1    11
 -1.2165321831759688E+00 a       642     0    43     1    12
  1.2844542334227588E-01 a       643     0    43     1    13
  2.5545242752292823E+00 a       644     0    43     1    14
  2.9294599656070703E+00 a       645     0    43     1    15
  4.9636347160970312E-01 a       646     0    44     1     1
 -1.1938048363213401E-01 a       647     0    44     1     2
 -5.0489538402444656E-01 a       648     0    44     1     3
  5.0446533274347205E-01 a       649     0    44     1     4
  4.6132038826192956E-01 a       650     0    44     1     5
  1.3353101030087658E-01 a       651     0    44     1     6
  6.4012937090398528E-02 a       652     0    44     1     7
  1.4723410182306290E-01 a       653     0    44     1     8
  3.5760365323130677E-01 a       654     0    44     1     9
 -1.4725600149914264E-01 a       655     0    44     1    10
  3.3123575087670093E-01 a       656     0    44     1    11
 -2.0514363081770148E-01 a       657     0    44     1    12
  3.5405100810556517E-01 a       658     0    44     1    13
 -2.9628970230675178E-01 a       659     0    44     1    14
  5.0301967884754450E-01 a       660     0    44     1    15
  9.7532163891637003E-01 a       661     0    45     1     1
 -3.8527347201989626E-01 a       662     0    45     1     2
 -7.1082744917256535E-01 a       663     0    45     1     3
  2.6329397914927155E-01 a       664     0    45     1     4
  8.6565643110285684E-01 a       665     0    45     1     5
  2.2689085383539598E-01 a       666     0    45     1     6
  3.2454859385048895E-01 a       667     0    45     1     7
  5.6683430117215206E-01 a       668     0    45     1     8
 -6.1143303745243283E-01 a       669     0    45     1     9
 -6.3688091862892735E-03 a       670     0    45     1    10
  1.8071422562653375E-01 a       671     0    45     1    11
 -2.3719660773029258E-01 a       672     0    45     1    12
  1.2486393506186346E+00 a       673     0    45     1    13
 -7.3506101718132766E-02 a       674     0    45     1    14
 -1.5291905877944453E-01 a       675     0    45     1    15
  5.4584710187968721E-01 a       676     0    46     1     1
  7.0134374768308660E-01 a       677     0    46     1     2
 -1.6035196756454735E+00 a       678     0    46     1     3
  6.5430098907307532E-01 a       679     0    46     1     4
 -1.8631354437302099E+00 a       680     0    46     1     5
 -3.8824390858671348E-01 a       681     0    46     1     6
 -1.2747454418387838E+00 a       682     0    46     1     7
  2.5108415324704145E+00 a       683     0    46     1     8
 -1.6304458907082355E+00 a       684     0    46     1     9
 -6.6330140534126239E-02 a       685     0    46     1    10
 -6.6433202769938604E-01 a       686     0    46     1    11
  5.9240152389537803E-01 a       687     0    46     1    12
 -1.7074595567163215E+00 a       688     0    46     1    13
 -4.1616880483752858E+00 a       689     0    46     1    14
 -1.6722687536551393E+00 a       690     0    46     1    15
  5.2536077151254315E-02 a       691     0    47     1     1
 -1.3367840690477648E-01 a       692     0    47     1     2
  2.1436555569646129E-01 a       693     0    47     1     3
 -8.1590448992299655E-02 a       694     0    47     1     4
  1.6546279985933290E-01 a       695     0    47     1     5
 -3.0191134093221328E-01 a       696     0    47     1     6
  3.9164824469392186E-02 a       697     0    47     1     7
  9.1512569818522529E-02 a       698     0    47     1     8
 -3.0029504804181748E-02 a       699     0    47     1     9
  6.9386795353136382E-02 a       700     0    47     1    10
 -4.5089374398741511E-01 a       701     0    47     1    11
 -2.0089212792466386E-02 a       702     0    47     1    12
 -2.6057718443415678E-01 a       703     0    47     1    13
 -1.3075047396597644E-01 a       704     0    47     1    14
  2.4632785868147078E-01 a       705     0    47     1    15
  6.4506980553908377E-01 a       706     0    48     1     1
  2.4567218105024480E-01 a       707     0    48     1     2
  9.9749791087962100E-02 a       708     0    48     1     3
 -2.9318466384338795E-02 a       709     0    48     1     4
 -1.7479543392654617E-01 a       710     0    48     1     5
  2.5258720095447745E-01 a       711     0    48     1     6
 -1.1921159780400939E-02 a       712     0    48     1     7
  1.0066477568346467E-01 a       713     0    48     1     8
 -2.0192802452101360E-01 a       714     0    48     1     9
 -3.6743083988674641E-01 a       715     0    48     1    10
  3.4578962156086573E-01 a       716     0    48     1    11
 -5.4230390378554288E-02 a       717     0    48     1    12
  2.5885039134982535E-01 a       718     0    48     1    13
  4.3966733920574846E-01 a       719     0    48     1    14
 -2.2308999683800865E-01 a       720     0    48     1    15
  4.6021346611258712E-01 a       721     0    49     1     1
  3.0728474374479159E-01 a       722     0    49     1     2
 -1.3044454310895510E+00 a       723     0    49     1     3
  1.1587375853495391E-01 a       724     0    49     1     4
  2.1882119968361485E-01 a       725     0    49     1     5
  5.4084817250819639E-01 a       726     0    49     1     6
 -3.0392345922557185E-01 a       727     0    49     1     7
  1.7851510894503901E+00 a       728     0    49     1     8
 -1.8488456980402262E-01 a       729     0    49     1     9
 -1.0209794799417597E-01 a       730     0    49     1    10
 -6.5501116498389900E-01 a       731     0    49     1    11
  5.8938244305945298E-01 a       732     0    49     1    12
  4.1402766410372488E-01 a       733     0    49     1    13
 -2.7890080131274969E-01 a       734     0    49     1    14
 -7.9137866911367893E-01 a       735     0    49     1    15
 -3.2595508711698673E-01 a       736     0    50     1     1
 -8.4191118723769953E-03 a       737     0    50     1     2
  5.2325857246411566E-03 a       738     0    50     1     3
 -1.4395970316886472E-01 a       739     0    50     1     4
 -1.6291174842432227E-01 a       740     0    50     1     5
  2.0475797012245699E-04 a       741     0    50     1     6
  6.8877055661314052E-02 a       742     0    50     1     7
 -7.6911219631378883E-02 a       743     0    50     1     8
 -2.9524828736492426E-01 a       744     0    50     1     9
 -5.3128333831208650E-02 a       745     0    50     1    10
 -7.8598832646653946E-02 a       746     0    50     1    11
  8.0295772540480356E-02 a       747     0    50     1    12
 -2.1653692842630720E-01 a       748     0    50     1    13
 -4.3322506680930108E-02 a       749     0    50     1    14
 -8.4703103195537344E-01 a       750     0    50     1    15
 -2.3031877952500898E-01 a       751     0    51     1     1
 -6.0171440770347799E-02 a       752     0    51     1     2
 -6.2285518233514803E-01 a       753     0    51     1     3
 -4.5208717012967400E-02 a       754     0    51     1     4
  1.5151700452485303E-01 a       755     0    51     1     5
 -9.5154133742966662E-02 a       756     0    51     1     6
  7.9824437603274193E-02 a       757     0    51     1     7
  1.4131642265291466E-02 a       758     0    51     1     8
 -1.0204959369064985E+00 a       759     0    51     1     9
  2.1933899541629907E-02 a       760     0    51     1    10
 -4.9489638173384987E-01 a       761     0    51     1    11
 -1.2669092192780501E-01 a       762     0    51     1    12
 -1.1395708769889223E+00 a       763     0    51     1    13
 -3.4711022544963765E-01 a       764     0    51     1    14
  1.9948675537066682E-02 a       765     0    51     1    15
  1.2988672709868640E-01 a       766     0    52     1     1
  1.0455890369004466E+00 a       767     0    52     1     2
  5.7137249458846906E-01 a       768     0    52     1     3
  4.7585242046969478E-01 a       769     0    52     1     4
  2.3736818125747901E+00 a       770     0    52     1     5
 -4.9447627549019796E-01 a       771     0    52     1     6
  1.2509165837457572E+00 a       772     0    52     1     7
  4.7487124246084739E-01 a       773     0    52     1     8
 -2.5870545858599359E+00 a       774     0    52     1     9
 -7.5466026426417598E-01 a       775     0    52     1    10
  4.5571869889993011E-01 a       776     0    52     1    11
 -9.1624801649515891E-02 a       777     0    52     1    12
  1.5343602777982586E+00 a       778     0    52     1    13
 -9.9420741536418125E-02 a       779     0    52     1    14
  3.9353098703523277E-02 a       780     0    52     1    15
 -4.5354967459508524E-02 a       781     0    53     1     1
  1.5382470631504269E-01 a       782     0    53     1     2
 -1.7170688349985034E-02 a       783     0    53     1     3
  4.8075852478774184E-01 a       784     0    53     1     4
  1.4694820069365880E-01 a       785     0    53     1     5
 -3.2269374451987781E-01 a       786     0    53     1     6
  5.4636443850063172E-02 a       787     0    53     1     7
  6.7706430993339867E-02 a       788     0    53     1     8
  2.8879771862785125E-01 a       789     0    53     1     9
 -1.1089963790207115E-02 a       790     0    53     1    10
 -1.1050270386287420E-01 a       791     0    53     1    11
 -7.7430665697830178E-02 a       792     0    53     1    12
  2.9641426488869749E-03 a       793     0    53     1    13
 -1.4924827439375740E-01 a       794     0    53     1    14
  8.4635644297356330E-02 a       795     0    53     1    15
 -3.2336864516268500E-02 a       796     0    54     1     1
  1.2564591365763361E-01 a       797     0    54     1     2
  3.6005872156139568E-01 a       798     0    54     1     3
 -6.9482002855014335E-01 a       799     0    54     1     4
  1.8985376181036545E-01 a       800     0    54     1     5
  1.2383695598848557E-01 a       801     0    54     1     6
  1.2282814250172736E-01 a       802     0    54     1     7
  2.0489026923005507E-01 a       803     0    54     1     8
  6.7936701688469284E-02 a       804     0    54     1     9
 -1.2560315656255119E-01 a       805     0    54     1    10
  6.3224866061105514E-02 a       806     0    54     1    11
 -2.6559929270531232E-02 a       807     0    54     1    12
  1.3838742438124746E-01 a       808     0    54     1    13
 -1.2402280563980631E-01 a       809     0    54     1    14
 -1.7656622489870838E-01 a       810     0    54     1    15
  5.5831619326773430E-01 a       811     0    55     1     1
  2.8010594728529292E-01 a       812     0    55     1     2
 -1.6638371895241608E+00 a       813     0    55     1     3
  3.9503547351395440E-01 a       814     0    55     1     4
 -3.5107711346473996E-01 a       815     0    55     1     5
  1.0258942759602152E-02 a       816     0    55     1     6
  4.0993301088162584E-02 a       817     0    55     1     7
  8.7283656767645990E-01 a       818     0    55     1     8
  2.1102408051530177E+00 a       819     0    55     1     9
  2.5509623831559258E-01 a       820     0    55     1    10
 -8.6285361785511783E-01 a       821     0    55     1    11
  1.2782021585882569E-01 a       822     0    55     1    12
 -2.8830090372730793E-01 a       823     0    55     1    13
 -6.1950051334138356E-01 a       824     0    55     1    14
  4.2478426920130166E-02 a       825     0    55     1    15
 -2.1017324966276674E-01 a       826     0    56     1     1
 -1.2483352997443588E-01 a       827     0    56     1     2
  2.9926940706562261E-01 a       828     0    56     1     3
 -4.2154152282274360E-01 a       829     0    56     1     4
 -1.6329010390691306E-01 a       830     0    56     1     5
  1.7478934913069583E-01 a       831     0    56     1     6
 -8.3783298024600619E-02 a       832     0    56     1     7
 -2.4975701676990168E-02 a       833     0    56     1     8
  7.0760670194612102E-02 a       834     0    56     1     9
  8.3077375037456963E-02 a       835     0    56     1    10
 -5.4142126674930346E-02 a       836     0    56     1    11
  1.4379396953377699E-01 a       837     0    56     1    12
 -2.5181701703176035E-01 a       838     0    56     1    13
  1.9592727168264193E-01 a       839     0    56     1    14
 -4.3691323982689773E-01 a       840     0    56     1    15
 -1.3456408020829480E-01 a       841     0    57     1     1
  1.2840984274484382E-01 a       842     0    57     1     2
 -2.5126242522231140E-02 a       843     0    57     1     3
  1.2766587754355699E-01 a       844     0    57     1     4
 -2.7790651051481183E-02 a       845     0    57     1     5
 -5.5447308113314824E-02 a       846     0    57     1     6
 -1.1878314675608784E-01 a       847     0    57     1     7
 -6.7910928056589867E-02 a       848     0    57     1     8
  5.2038106740962120E-01 a       849     0    57     1     9
 -1.5946227634513441E-01 a       850     0    57     1    10
  1.0569759507650538E-01 a       851     0    57     1    11
  3.7184290814711952E-02 a       852     0    57     1    12
 -2.1363947801163558E-01 a       853     0    57     1    13
 -1.1535207235672593E-01 a       854     0    57     1    14
 -5.5140869787315205E-01 a       855     0    57     1    15
 -2.0663249561085709E-01 a       856     0    58     1     1
 -2.4525878002386686E-01 a       857     0    58     1     2
  9.1007510182045825E-01 a       858     0    58     1     3
 -2.6124700223076813E-01 a       859     0    58     1     4
  1.3443720262775147E+00 a       860     0    58     1     5
  7.5466538031760066E-02 a       861     0    58     1     6
  1.7115135577210122E-01 a       862     0    58     1     7
  2.1824802291230830E-01 a       863     0    58     1     8
 -2.1460941236810469E+00 a       864     0    58     1     9
 -5.6106531132140713E-01 a       865     0    58     1    10
  1.1975510057625023E+00 a       866     0    58     1    11
  1.4551128968786722E-01 a       867     0    58     1    12
  3.6259824161551035E-01 a       868     0    58     1    13
  3.7113183878885753E-01 a       869     0    58     1    14
 -3.8421743804075542E-01 a       870     0    58     1    15
 -1.3598389914282458E-02 a       871     0    59     1     1
 -2.6587076169473224E-03 a       872     0    59     1     2
 -5.6319538532457032E-02 a       873     0    59     1     3
 -1.5743400131732607E-01 a       874     0    59     1     4
 -6.5103092993298486E-02 a       875     0    59     1     5
 -1.8111863059284300E-01 a       876     0    59     1     6
 -2.1118810798065480E-02 a       877     0    59     1     7
 -3.5294188270468943E-02 a       878     0    59     1     8
 -2.1190771936914665E-01 a       879     0    59     1     9
  1.9076036283219598E-02 a       880     0    59     1    10
  1.4791172970816749E-01 a       881     0    59     1    11
  1.3779811532713298E-02 a       882     0    59     1    12
  4.2268320137049820E-01 a       883     0    59     1    13
  6.9313812976433242E-02 a       884     0    59     1    14
 -2.5606684536830338E-01 a       885     0    59     1    15
 -4.0127795062508610E-02 a       886     0    60     1     1
  1.2099377096007046E-02 a       887     0    60     1     2
 -7.1740896878024929E-02 a       888     0    60     1     3
  1.2526291610084797E-01 a       889     0    60     1     4
  8.0165597495025054E-02 a       890     0    60     1     5
 -3.5633451003851506E-02 a       891     0    60     1     6
  2.9552054188596553E-02 a       892     0    60     1     7
 -6.4496589464943660E-02 a       893     0    60     1     8
 -6.9536368855932021E-02 a       894     0    60     1     9
  7.5937769900283253E-02 a       895     0    60     1    10
 -2.0251176646080379E-01 a       896     0    60     1    11
 -8.5167657127031664E-03 a       897     0    60     1    12
 -2.4763989911569396E-02 a       898     0    60     1    13
 -8.8878114010247894E-02 a       899     0    60     1    14
  3.0110221452638201E-02 a       900     0    60     1    15
 -9.9574843502911084E-02 a       901     0    61     1     1
 -4.6198742557231373E-02 a       902     0    61     1     2
  6.7115087787212757E-01 a       903     0    61     1     3
 -1.0092334003265860E-01 a       904     0    61     1     4
  1.4320063529437757E-01 a       905     0    61     1     5
 -6.3807665184876128E-02 a       906     0    61     1     6
  8.5514317242749063E-02 a       907     0    61     1     7
 -8.4328291161919500E-01 a       908     0    61     1     8
 -7.0812787527777621E-01 a       909     0    61     1     9
 -5.7222382064340577E-02 a       910     0    61     1    10
  5.1003996928065898E-01 a       911     0    61     1    11
 -5.4708953164958808E-02 a       912     0    61     1    12
  8.8275649414039092E-02 a       913     0    61     1    13
  3.3149517533754524E-01 a       914     0    61     1    14
 -1.1449814050515876E-01 a       915     0    61     1    15
 -6.5519504422866928E-02 a       916     0    62     1     1
  9.4249044932998988E-02 a       917     0    62     1     2
 -2.8437025914712737E-02 a       918     0    62     1     3
  1.3202206795217020E-01 a       919     0    62     1     4
  1.1532018213086907E-02 a       920     0    62     1     5
 -3.0371323236268205E-01 a       921     0    62     1     6
 -1.8322664441291685E-03 a       922     0    62     1     7
  3.0295746682440141E-02 a       923     0    62     1     8
 -2.1310627307284097E-01 a       924     0    62     1     9
 -1.0914940256137622E-01 a       925     0    62     1    10
  4.1960240587907933E-02 a       926     0    62     1    11
 -3.1440550453848679E-02 a       927     0    62     1    12
  1.6951701213368939E-01 a       928     0    62     1    13
 -1.7475388455727103E-02 a       929     0    62     1    14
  4.0257863177563774E-01 a       930     0    62     1    15
 -8.9251550335745430E-02 a       931     0    63     1     1
  4.2402522437690375E-02 a       932     0    63     1     2
  3.1722498006488586E-01 a       933     0    63     1     3
 -1.0115542328628939E-01 a       934     0    63     1     4
 -1.6156745922820681E-01 a       935     0    63     1     5
  4.1581566823309941E-02 a       936     0    63     1     6
  2.3598161299151672E-02 a       937     0    63     1     7
 -2.9394372888434925E-02 a       938     0    63     1     8
  1.1323060485470994E-01 a       939     0    63     1     9
  1.5777666252701317E-02 a       940     0    63     1    10
  6.4272348575645954E-02 a       941     0    63     1    11
  2.7340399666790874E-02 a       942     0    63     1    12
  4.4626804894045125E-01 a       943     0    63     1    13
  8.6199623013758372E-02 a       944     0    63     1    14
 -8.2134295991263002E-03 a       945     0    63     1    15
  1.2322442866118727E-01 a       946     0    64     1     1
 -2.4063368831998985E-01 a       947     0    64     1     2
 -3.8521888433420604E-01 a       948     0    64     1     3
 -2.9371222647806644E-01 a       949     0    64     1     4
 -6.6838135070827409E-01 a       950     0    64     1     5
  2.5814445454943841E-02 a       951     0    64     1     6
 -8.3760129952671458E-02 a       952     0    64     1     7
 -9.8981597502072571E-01 a       953     0    64     1     8
  8.7685833054684759E-01 a       954     0    64     1     9
  2.2719338703203923E-01 a       955     0    64     1    10
 -6.7554386762979923E-01 a       956     0    64     1    11
 -1.2341487895973434E-01 a       957     0    64     1    12
 -2.4168863967573409E-01 a       958     0    64     1    13
  1.3100417581489558E+00 a       959     0    64     1    14
  1.7380098615727210E-01 a       960     0    64     1    15
 -6.0385267439512069E-01 b       961     1     1
 -8.2838329242754097E-02 b       962     1     2
 -3.3757619317548582E-01 b       963     1     3
 -4.8841475706171128E-01 b       964     1     4
 -9.7517693461784272E-01 b       965     1     5
 -4.9464697909549166E-01 b       966     1     6
 -3.2771981750023976E-01 b       967     1     7
 -6.5020043514842596E-01 b       968     1     8
  6.0721866704764316E-01 b       969     1     9
 -4.1101080558938263E-01 b       970     1    10
  3.2858371344434373E-01 b       971     1    11
  1.7168965497623953E-01 b       972     1    12
  5.2086345790620270E-01 b       973     1    13
  4.8342605404584110E-01 b       974     1    14
 -8.5618638422123250E-01 b       975     1    15
 -1.8415280866595532E-01 a       976     1     1     2     1
  3.5796218204758812E-01 a       977     1     1     2     2
  5.4015631518251073E-01 a       978     1     1     2     3
 -1.5210208220495294E-01 a       979     1     1     2     4
 -2.6455141427211798E-01 a       980     1     1     2     5
  2.8746389609733702E-01 a       981     1     1     2     6
 -4.5508496898177636E-01 a       982     1     1     2     7
  1.0235974679753500E-01 a       983     1     1     2     8
 -3.9452490911957921E-01 a       984     1     1     2     9
  4.1453732591832049E-01 a       985     1     1     2    10
  6.5825872752361714E-01 a       986     1     1     2    11
 -5.9281948413655439E-01 a       987     1     1     2    12
  3.1069315399760550E-01 a       988     1     1     2    13
 -4.5960391298672099E-01 a       989     1     1     2    14
 -3.8615139651181835E-01 a       990     1     1     2    15
  1.0106072063083356E+00 a       991     1     2     2     1
  1.7293683344006822E-01 a       992     1     2     2     2
  8.8538114850566685E-01 a       993     1     2     2     3
  1.4998096152471182E-02 a       994     1     2     2     4
 -1.5407697840780346E-01 a       995     1     2     2     5
  5.7083699708374624E-01 a       996     1     2     2     6
 -9.7584807254829486E-01 a       997     1     2     2     7
 -1.6731526754706072E-01 a       998     1     2     2     8
  2.2778481103062054E-01 a       999     1     2     2     9
  4.3335526360698107E-01 a      1000     1     2     2    10
  3.7055355091131631E-01 a      1001     1     2     2    11
 -4.8607153298593181E-01 a      1002     1     2     2    12
  3.7905232599802441E-01 a      1003     1     2     2    13
  1.6024582095983728E-01 a      1004     1     2     2    14
  6.5204381478443485E-01 a      1005     1     2     2    15
 -9.3470158300845996E-01 a      1006     1     3     2     1
  6.5953230834390575E-01 a      1007     1     3     2     2
 -1.0263569903984386E+00 a      1008     1     3     2     3
 -3.1817245323140779E-02 a      1009     1     3     2     4
  9.3647033410614727E-02 a      1010     1     3     2     5
 -4.2770224027833809E-01 a      1011     1     3     2     6
  1.0082195495998560E+00 a      1012     1     3     2     7
 -2.3351165010919533E-02 a      1013     1     3     2     8
 -7.2647068073634158E-01 a      1014     1     3     2     9
 -5.6831788954103846E-01 a      1015     1     3     2    10
 -3.8442791690906897E-01 a      1016     1     3     2    11
 -5.3952338863846122E-02 a      1017     1     3     2    12
 -3.8783500818516831E-01 a      1018     1     3     2    13
 -2.8566594579154864E-01 a      1019     1     3     2    14
  1.0990396730026375E+00 a      1020     1     3     2    15
 -8.6367434836711832E-01 a      1021     1     4     2     1
 -2.4484442936040288E-01 a      1022     1     4     2     2
 -9.3913075551197933E-01 a      1023     1     4     2     3
 -3.1260809643243709E-01 a      1024     1     4     2     4
  3.9656792938421981E-01 a      1025     1     4     2     5
 -2.7171235772605695E-01 a      1026     1     4     2     6
  9.9890275308528398E-01 a      1027     1     4     2     7
 -3.7620014805010116E-01 a      1028     1     4     2     8
  8.2572912139024540E-02 a      1029     1     4     2     9
 -3.7959599015857148E-01 a      1030     1     4     2    10
  3.1884232992866640E-01 a      1031     1     4     2    11
  6.2393790590135401E-01 a      1032     1     4     2    12
  1.2740554912114690E-01 a      1033     1     4     2    13
 -3.6883694741219014E-01 a      1034     1     4     2    14
 -1.4615351915430738E-01 a      1035     1     4     2    15
  1.2698697751005006E+00 a      1036     1     5     2     1
 -1.1390113032617064E+00 a      1037     1     5     2     2
 -1.0183100444529420E+00 a      1038     1     5     2     3
  6.3592760889014022E-01 a      1039     1     5     2     4
  7.4274785371154517E-01 a      1040     1     5     2     5
 -9.9704618502529807E-01 a      1041     1     5     2     6
  1.9736757507435257E-01 a      1042     1     5     2     7
 -7.2599935833752882E-01 a      1043     1     5     2     8
 -1.1431427197418416E+00 a      1044     1     5     2     9
  3.3350252956746296E-01 a      1045     1     5     2    10
 -4.5525865097381196E-01 a      1046     1     5     2    11
  1.2264334695935206E+00 a      1047     1     5     2    12
 -9.0556456235628136E-01 a      1048     1     5     2    13
  5.8244358100552507E-01 a      1049     1     5     2    14
  1.2539483264555829E+00 a      1050     1     5     2    15
 -2.1587693614266996E+00 a      1051     1     6     2     1
  2.6912557479776122E-01 a      1052     1     6     2     2
 -1.9667582371878552E-02 a      1053     1     6     2     3
  2.2316260741001454E-01 a      1054     1     6     2     4
  7.1196660158520619E-01 a      1055     1     6     2     5
 -1.7681433878210890E+00 a      1056     1     6     2     6
  5.2074248303100190E-01 a      1057     1     6     2     7
  1.1100426721078513E+00 a      1058     1     6     2     8
  5.9060231140291386E-01 a      1059     1     6     2     9
 -1.1409552155263534E+00 a      1060     1     6     2    10
  8.2892664255233214E-02 a      1061     1     6     2    11
 -2.2026196402052461E-01 a      1062     1     6     2    12
 -1.8717277143147260E-01 a      1063     1     6     2    13
 -5.1123428023431938E-01 a      1064     1     6     2    14
 -6.0452627810666022E-02 a      1065     1     6     2    15
  1.0393877337531590E-01 a      1066     1     7     2     1
 -1.8308747174813908E-01 a      1067     1     7     2     2
  2.2834363659005921E-01 a      1068     1     7     2     3
 -6.2561066252642225E-02 a      1069     1     7     2     4
  1.5773501250330144E-01 a      1070     1     7     2     5
 -4.6197132834799162E-02 a      1071     1     7     2     6
 -1.3897943574072147E-01 a      1072     1     7     2     7
 -1.0615650958756907E-01 a      1073     1     7     2     8
 -8.3227433118914229E-01 a      1074     1     7     2     9
  4.0840456275924919E-01 a      1075     1     7     2    10
 -5.7333765710315132E-01 a      1076     1     7     2    11
 -2.3848859423467783E-01 a      1077     1     7     2    12
  2.9272724546946477E-01 a      1078     1     7     2    13
  1.9369615450248370E-01 a      1079     1     7     2    14
 -4.6022058101797582E-02 a      1080     1     7     2    15
 -2.0172007702957889E-01 a      1081     1     8     2     1
  8.2947032243286312E-01 a      1082     1     8     2     2
  7.1956053549815235E-01 a      1083     1     8     2     3
 -8.0141930060449063E-01 a      1084     1     8     2     4
 -5.4948192199261248E-01 a      1085     1     8     2     5
  9.5430765150395369E-01 a      1086     1     8     2     6
 -5.1200213189746969E-02 a      1087     1     8     2     7
  4.1221120675881318E-01 a      1088     1     8     2     8
 -3.0737934251814431E-01 a      1089     1     8     2     9
 -1.3599082491980965E+00 a      1090     1     8     2    10
 -9.2316543542716900E-01 a      1091     1     8     2    11
 -7.4055047184658784E-01 a      1092     1     8     2    12
  2.3270032237654795E-01 a      1093     1     8     2    13
 -3.4844669726831867E-01 a      1094     1     8     2    14
  1.5225065534228404E+00 a      1095     1     8     2    15
 -7.3143697888699344E-01 a      1096     1     9     2     1
 -6.4116305204553126E-01 a      1097     1     9     2     2
  2.6591137085274336E-01 a      1098     1     9     2     3
  1.5196308439036019E-01 a      1099     1     9     2     4
 -5.0313808950324945E-01 a      1100     1     9     2     5
  1.0889373809635140E-01 a      1101     1     9     2     6
 -2.5537799032517301E-02 a      1102     1     9     2     7
  2.4182290285911948E-01 a      1103     1     9     2     8
  3.5172329488896187E-01 a      1104     1     9     2     9
 -5.4743210453169189E-01 a      1105     1     9     2    10
  1.5584909868564156E-01 a      1106     1     9     2    11
 -9.1538388897730472E-01 a      1107     1     9     2    12
 -4.7221974627187628E-02 a      1108     1     9     2    13
 -2.2295050619637165E-02 a      1109     1     9     2    14
 -9.1756392028579414E-01 a      1110     1     9     2    15
  1.5814686667107141E+00 a      1111     1    10     2     1
 -9.3963443105316591E-01 a      1112     1    10     2     2
  5.9723512040734783E-01 a      1113     1    10     2     3
 -4.3735104553129034E-01 a      1114     1    10     2     4
  4.1534310598288160E-01 a      1115     1    10     2     5
  3.5268155323364486E-01 a      1116     1    10     2     6
 -7.5452756943231081E-01 a      1117     1    10     2     7
 -5.1738343983273476E-02 a      1118     1    10     2     8
 -1.7605523321254548E+00 a      1119     1    10     2     9
 -8.3670672986529382E-01 a      1120     1    10     2    10
 -1.0131703436428847E+00 a      1121     1    10     2    11
  3.8606393670216199E-01 a      1122     1    10     2    12
  6.4304843837430004E-01 a      1123     1    10     2    13
  4.8393304712775503E-01 a      1124     1    10     2    14
  3.0237734509649772E-01 a      1125     1    10     2    15
  1.6393202166789600E+00 a      1126     1    11     2     1
  8.2915369794385196E-01 a      1127     1    11     2     2
  4.0143851421915144E-01 a      1128     1    11     2     3
  8.8510576461231956E-03 a      1129     1    11     2     4
  4.0148549242083881E-01 a      1130     1    11     2     5
  6.6066004050996430E-01 a      1131     1    11     2     6
 -3.4108132758035009E-02 a      1132     1    11     2     7
 -5.8003635184535385E-01 a      1133     1    11     2     8
  1.0667356947545302E-01 a      1134     1    11     2     9
  1.2242834330247518E+00 a      1135     1    11     2    10
  2.1259232504347769E-01 a      1136     1    11     2    11
  1.5878246392224631E+00 a      1137     1    11     2    12
  7.0638996397629950E-01 a      1138     1    11     2    13
  9.4155770843823094E-01 a      1139     1    11     2    14
 -1.6502809017661857E+00 a      1140     1    11     2    15
  2.3376195233970920E+00 a      1141     1    12     2     1
  8.1619503932774118E-01 a      1142     1    12     2     2
 -4.0453101564874328E-01 a      1143     1    12     2     3
 -7.5096016102356888E-02 a      1144     1    12     2     4
  2.6014256146918829E-01 a      1145     1    12     2     5
 -1.0291369393865184E+00 a      1146     1    12     2     6
  7.1518492886347196E-01 a      1147     1    12     2     7
  1.2056636761152619E+00 a      1148     1    12     2     8
  1.5530060106317503E+00 a      1149     1    12     2     9
  1.2625587423841211E+00 a      1150     1    12     2    10
  1.2379367806784611E+00 a      1151     1    12     2    11
 -2.4755245937428916E-01 a      1152     1    12     2    12
  8.7824768763007754E-01 a      1153     1    12     2    13
  4.9792390577382079E-01 a      1154     1    12     2    14
 -2.7813596370043958E-01 a      1155     1    12     2    15
 -3.3620146868948086E-01 a      1156     1    13     2     1
  5.7409539647947905E-01 a      1157     1    13     2     2
  2.1364441320184269E-03 a      1158     1    13     2     3
 -8.8816115417657118E-02 a      1159     1    13     2     4
  1.2561189770939252E-01 a      1160     1    13     2     5
  2.9964479271234851E-01 a      1161     1    13     2     6
 -1.4012954246575174E-01 a      1162     1    13     2     7
 -1.5490050171079567E-01 a      1163     1    13     2     8
  9.1154598262518904E-01 a      1164     1    13     2     9
  6.3081674887489347E-01 a      1165     1    13     2    10
 -3.3324032059748276E-01 a      1166     1    13     2    11
  3.0689350509249336E-01 a      1167     1    13     2    12
 -3.0435238532979608E-01 a      1168     1    13     2    13
 -4.4247630714514030E-01 a      1169     1    13     2    14
  9.7839480279555857E-01 a      1170     1    13     2    15
  4.4935621819491778E-01 a      1171     1    14     2     1
 -1.0757712743424359E+00 a      1172     1    14     2     2
 -4.5282835840269148E-01 a      1173     1    14     2     3
 -8.7215618381092888E-02 a      1174     1    14     2     4
  9.1587033597818857E-01 a      1175     1    14     2     5
 -5.1792521318079487E-01 a      1176     1    14     2     6
  7.9810642485094535E-02 a      1177     1    14     2     7
  3.6382621699050560E-01 a      1178     1    14     2     8
 -3.4217801110325102E-01 a      1179     1    14     2     9
  6.1954668976728922E-01 a      1180     1    14     2    10
 -8.8852455607189973E-01 a      1181     1    14     2    11
  1.3353599201439188E+00 a      1182     1    14     2    12
  9.4495238006473747E-02 a      1183     1    14     2    13
 -4.1236703916380868E-01 a      1184     1    14     2    14
  1.6426312399864111E+00 a      1185     1    14     2    15
  6.2681581876800152E-01 a      1186     1    15     2     1
 -6.8131361809797331E-01 a      1187     1    15     2     2
  4.4522521083875188E-01 a      1188     1    15     2     3
 -3.4035248147541824E-01 a      1189     1    15     2     4
 -4.1991371308886173E-02 a      1190     1    15     2     5
  5.3639452437888790E-01 a      1191     1    15     2     6
 -3.3360975055940412E-01 a      1192     1    15     2     7
 -1.7945466726470116E-03 a      1193     1    15     2     8
  1.7653297469016502E-01 a      1194     1    15     2     9
  2.5670556815834994E-01 a      1195     1    15     2    10
  3.4300851241212105E-01 a      1196     1    15     2    11
  4.4882550676742616E-01 a      1197     1    15     2    12
  7.1780671133296992E-01 a      1198     1    15     2    13
  1.5951318070657394E-01 a      1199     1    15     2    14
  9.0360792504496842E-02 a      1200     1    15     2    15
 -1.8741890444608369E+00 b      1201     2     1
 -4.6322978795010339E-01 b      1202     2     2
  3.9425003494725934E-02 b      1203     2     3
 -2.4947960194364061E-01 b      1204     2     4
 -7.8115929034973486E-01 b      1205     2     5
  4.7435213808099808E-01 b      1206     2     6
  1.1803980974413886E+00 b      1207     2     7
 -1.1216390184431309E+00 b      1208     2     8
 -5.5701980058526146E-01 b      1209     2     9
 -7.4178019117132366E-01 b      1210     2    10
  1.6972475163767656E-01 b      1211     2    11
 -2.8787500089434254E-01 b      1212     2    12
 -1.2348591709232343E-01 b      1213     2    13
  1.1643962788341423E-01 b      1214     2    14
 -6.0021963605367223E-01 b      1215     2    15
 -2.6814089386075146E-01 a      1216     2     1     3     1
 -1.1126861594112600E-01 a      1217     2     2     3     1
 -5.5794174692156417E-01 a      1218     2     3     3     1
 -9.6228134972040591E-01 a      1219     2     4     3     1
  1.1295389736318544E+00 a      1220     2     5     3     1
  7.0928639746817546E-01 a      1221     2     6     3     1
 -7.6010352849500429E-01 a      1222     2     7     3     1
  6.6932659578360110E-01 a      1223     2     8     3     1
 -1.0697183389491698E-01 a      1224     2     9     3     1
  2.9535559547002177E-01 a      1225     2    10     3     1
  3.6123741473856802E-01 a      1226     2    11     3     1
 -4.5966319694817220E-01 a      1227     2    12     3     1
 -7.4702097332609285E-01 a      1228     2    13     3     1
  9.0943446694240604E-01 a      1229     2    14     3     1
 -7.6804287713923766E-02 a      1230     2    15     3     1
 -3.7783712231042800E-02 b      1231     3     1
