################################################################################
# Neural network connection values (weights and biases).
################################################################################
# Col  Name       Description
################################################################################
# 1    connection Neural network connection value.
# 2    t          Connection type (a = weight, b = bias).
# 3    index      Index enumerating weights.
# 4    l_s        Starting point layer (end point layer for biases).
# 5    n_s        Starting point neuron in starting layer (end point neuron for biases).
# 6    l_e        End point layer.
# 7    n_e        End point neuron in end layer.
################################################################################
#                      1 2         3     4     5     6     7
#             connection t     index   l_s   n_s   l_e   n_e
############################################################
 -2.2727399360459521E-01 a         1     0     1     1     1
  7.7454859809777754E-01 a         2     0     1     1     2
 -7.3735612077179755E-02 a         3     0     1     1     3
 -6.1568729991235183E-01 a         4     0     1     1     4
 -1.2524946571027840E-01 a         5     0     1     1     5
 -3.2200396710749668E-01 a         6     0     1     1     6
  4.4015639885306429E-01 a         7     0     1     1     7
 -1.2886737317991812E+00 a         8     0     1     1     8
 -1.2452981701821920E-01 a         9     0     1     1     9
 -5.9509646176357489E-01 a        10     0     1     1    10
 -2.6599854453021232E-01 a        11     0     1     1    11
  6.7427546070113609E-01 a        12     0     1     1    12
 -3.7262387100215588E-01 a        13     0     1     1    13
 -1.1565775266566485E+00 a        14     0     1     1    14
 -1.6925628870922818E-01 a        15     0     1     1    15
 -9.2164593680735618E-01 a        16     0     2     1     1
 -4.9239265789580322E-01 a        17     0     2     1     2
  1.0188113975742334E+00 a        18     0     2     1     3
  3.1357022695466030E-02 a        19     0     2     1     4
  3.1455847221440125E-01 a        20     0     2     1     5
 -5.0708943570872811E-01 a        21     0     2     1     6
 -1.0714770896834795E+00 a        22     0     2     1     7
  1.1234658906586330E+00 a        23     0     2     1     8
 -2.5818532597635635E-01 a        24     0     2     1     9
 -2.1654572548969417E-01 a        25     0     2     1    10
 -9.8580494938161040E-02 a        26     0     2     1    11
 -6.5375426499696590E-02 a        27     0     2     1    12
  9.5369741914271899E-01 a        28     0     2     1    13
 -4.1180462826726449E-01 a        29     0     2     1    14
  1.0455132067048067E+00 a        30     0     2     1    15
  3.1020730929664209E-01 a        31     0     3     1     1
 -6.4410583662185961E-01 a        32     0     3     1     2
 -2.7118812692191319E-01 a        33     0     3     1     3
  9.3640620075818068E-02 a        34     0     3     1     4
  9.0009501817047077E-01 a        35     0     3     1     5
 -5.7125191394486896E-01 a        36     0     3     1     6
  1.9398149722108485E-01 a        37     0     3     1     7
 -2.1452750872815352E-01 a        38     0     3     1     8
  8.5217735768576897E-01 a        39     0     3     1     9
 -5.6436775706270613E-02 a        40     0     3     1    10
  7.8430322779918527E-01 a        41     0     3     1    11
  3.7450639518396989E-01 a        42     0     3     1    12
  7.4449844533236698E-01 a        43     0     3     1    13
  5.2861640799942833E-01 a        44     0     3     1    14
  3.8428519410514797E-02 a        45     0     3     1    15
 -8.5706392742358894E-01 a        46     0     4     1     1
 -3.6689035961631444E-01 a        47     0     4     1     2
  5.9555746792222608E-01 a        48     0     4     1     3
  1.2352582763571973E+00 a        49     0     4     1     4
 -2.1579265990421748E-01 a        50     0     4     1     5
 -9.0790628923545347E-01 a        51     0     4     1     6
  2.8365612652724370E-01 a        52     0     4     1     7
  8.8299802075529499E-01 a        53     0     4     1     8
  9.3801272297921601E-01 a        54     0     4     1     9
  3.6704489704055973E-02 a        55     0     4     1    10
  1.3059131004272888E+00 a        56     0     4     1    11
 -3.4421317234512844E-01 a        57     0     4     1    12
  8.5077368783143578E-02 a        58     0     4     1    13
  1.2139022938579601E-01 a        59     0     4     1    14
 -1.7291807094158104E-01 a        60     0     4     1    15
 -2.4059471368226970E-01 a        61     0     5     1     1
 -1.9240685888717374E-01 a        62     0     5     1     2
  1.9033384036356463E-01 a        63     0     5     1     3
  5.9774958964799108E-01 a        64     0     5     1     4
  1.7514218181326721E-01 a        65     0     5     1     5
 -8.0744950267277094E-01 a        66     0     5     1     6
 -2.7978032089427096E-01 a        67     0     5     1     7
  6.5636802528152141E-02 a        68     0     5     1     8
  4.6216564831150386E-01 a        69     0     5     1     9
  5.0747056251705203E-01 a        70     0     5     1    10
 -4.2971580377559937E-01 a        71     0     5     1    11
 -1.3060083821043800E+00 a        72     0     5     1    12
  2.3261790319439385E-01 a        73     0     5     1    13
  2.7373042050300122E-02 a        74     0     5     1    14
 -3.3675075286814687E-01 a        75     0     5     1    15
  5.5499801660374193E-01 a        76     0     6     1     1
 -4.9214462530222641E-01 a        77     0     6     1     2
  3.4834176991951349E-03 a        78     0     6     1     3
  4.8783008343313500E-01 a        79     0     6     1     4
 -1.0087937099196491E+00 a        80     0     6     1     5
  2.2944495856200192E-01 a        81     0     6     1     6
  6.1086542028778634E-01 a        82     0     6     1     7
  2.6210848602534842E-01 a        83     0     6     1     8
 -2.9630668821772510E-01 a        84     0     6     1     9
 -3.9804546195451795E-01 a        85     0     6     1    10
  6.8893484343229749E-01 a        86     0     6     1    11
  4.2338920355174597E-01 a        87     0     6     1    12
  8.5455223319493467E-01 a        88     0     6     1    13
  1.2701168981144477E+00 a        89     0     6     1    14
 -3.1709394060399865E-01 a        90     0     6     1    15
  2.0270613034838009E-01 a        91     0     7     1     1
 -4.1196466767568285E-01 a        92     0     7     1     2
 -2.4854726441645730E-01 a        93     0     7     1     3
  3.8867430316517632E-01 a        94     0     7     1     4
 -3.4051093395356766E-02 a        95     0     7     1     5
  2.1379556041846859E-01 a        96     0     7     1     6
 -2.5519430355056189E-02 a        97     0     7     1     7
 -3.0580077337490480E-01 a        98     0     7     1     8
 -1.7196818300796252E-01 a        99     0     7     1     9
 -3.8719072917837916E-01 a       100     0     7     1    10
 -4.1611077469887481E-01 a       101     0     7     1    11
 -3.8334167797672197E-01 a       102     0     7     1    12
  2.1149230970434146E-01 a       103     0     7     1    13
  6.4581780372248032E-01 a       104     0     7     1    14
  4.3435450058724440E-01 a       105     0     7     1    15
  1.2776720579251541E+00 a       106     0     8     1     1
  2.5859970065604670E-01 a       107     0     8     1     2
 -7.2145362809089530E-01 a       108     0     8     1     3
 -3.2351065388119921E-01 a       109     0     8     1     4
 -4.6742023307620506E-01 a       110     0     8     1     5
 -4.6862265337704728E-01 a       111     0     8     1     6
  2.7617521367442155E-01 a       112     0     8     1     7
 -4.3031999542182486E-01 a       113     0     8     1     8
 -8.9288425571770413E-01 a       114     0     8     1     9
  5.0191765076489603E-01 a       115     0     8     1    10
  2.3013310443607798E-01 a       116     0     8     1    11
  1.6314571489199955E-01 a       117     0     8     1    12
  1.3673004168552080E-01 a       118     0     8     1    13
 -6.1495764037057299E-01 a       119     0     8     1    14
 -1.0514369157741228E-01 a       120     0     8     1    15
 -1.1019154152245192E-01 a       121     0     9     1     1
 -5.7562248617560485E-01 a       122     0     9     1     2
  6.1263253614617796E-01 a       123     0     9     1     3
 -5.1173373179409920E-01 a       124     0     9     1     4
 -9.5977533042853536E-01 a       125     0     9     1     5
 -2.6017838256489223E-01 a       126     0     9     1     6
  3.7272032412844441E-01 a       127     0     9     1     7
  1.1435678589408287E+00 a       128     0     9     1     8
 -2.6959270193156903E-01 a       129     0     9     1     9
  4.0996126635786256E-01 a       130     0     9     1    10
  3.8443587655797368E-01 a       131     0     9     1    11
 -3.7994081518872064E-01 a       132     0     9     1    12
 -2.4748178140848109E-01 a       133     0     9     1    13
 -1.5416286324943193E-01 a       134     0     9     1    14
  3.1438177980394910E-01 a       135     0     9     1    15
  7.5840105553768100E-01 a       136     0    10     1     1
  2.1304298438347441E-01 a       137     0    10     1     2
  2.4511048856462264E-01 a       138     0    10     1     3
  1.3262624751723285E-02 a       139     0    10     1     4
 -1.0287506006348897E+00 a       140     0    10     1     5
  9.9564006231648106E-01 a       141     0    10     1     6
  1.0014658381696280E+00 a       142     0    10     1     7
  7.9537728034373223E-01 a       143     0    10     1     8
 -8.6634524244634892E-01 a       144     0    10     1     9
 -9.2340651744244140E-01 a       145     0    10     1    10
 -5.8796455772965017E-01 a       146     0    10     1    11
 -5.0222914511634331E-01 a       147     0    10     1    12
 -9.8982773950465031E-01 a       148     0    10     1    13
 -7.9324699141021038E-01 a       149     0    10     1    14
  1.3769673510545952E-01 a       150     0    10     1    15
  2.2973738183767131E-01 a       151     0    11     1     1
  8.4431150765395224E-01 a       152     0    11     1     2
  9.6447223732273726E-02 a       153     0    11     1     3
  5.7089016744778065E-01 a       154     0    11     1     4
 -7.9716011115704444E-01 a       155     0    11     1     5
 -3.9413667493739996E-01 a       156     0    11     1     6
  4.1563439338909747E-01 a       157     0    11     1     7
  5.9549582106767363E-01 a       158     0    11     1     8
  3.5169741121835515E-03 a       159     0    11     1     9
 -7.7897347972057795E-01 a       160     0    11     1    10
  2.9784088178180851E-01 a       161     0    11     1    11
  1.1772203356371660E+00 a       162     0    11     1    12
 -3.8801236382206183E-01 a       163     0    11     1    13
 -5.6522508000858701E-02 a       164     0    11     1    14
  1.3817673125683894E-01 a       165     0    11     1    15
 -1.8533785878915379E-01 a       166     0    12     1     1
  5.9351332210480057E-01 a       167     0    12     1     2
 -8.1015870665054357E-01 a       168     0    12     1     3
  3.8131374635260668E-01 a       169     0    12     1     4
 -4.9324637447880564E-02 a       170     0    12     1     5
 -4.6975786454051666E-01 a       171     0    12     1     6
 -1.4015743695538921E-01 a       172     0    12     1     7
  8.0918014946240846E-01 a       173     0    12     1     8
 -7.2447880704981882E-01 a       174     0    12     1     9
 -7.6186790218834666E-01 a       175     0    12     1    10
  1.9384286345690091E-01 a       176     0    12     1    11
  1.3273159829230230E-01 a       177     0    12     1    12
  1.0776042915420801E-01 a       178     0    12     1    13
 -1.1026714972105099E-01 a       179     0    12     1    14
 -3.5850918124803249E-01 a       180     0    12     1    15
  1.6807153277824567E+00 a       181     0    13     1     1
  5.0212421102175409E-01 a       182     0    13     1     2
 -1.9186653713036264E-01 a       183     0    13     1     3
  5.6101841460775514E-01 a       184     0    13     1     4
  3.6772823256137982E-01 a       185     0    13     1     5
  6.7046814192412052E-01 a       186     0    13     1     6
 -7.9775820526482188E-02 a       187     0    13     1     7
  1.8918629033015635E+00 a       188     0    13     1     8
 -1.7970481939987697E+00 a       189     0    13     1     9
  2.1080756756276486E-01 a       190     0    13     1    10
 -1.9940769775577063E+00 a       191     0    13     1    11
  8.8285248578281106E-01 a       192     0    13     1    12
 -2.6201128986296485E-01 a       193     0    13     1    13
 -2.1342216012358708E-01 a       194     0    13     1    14
 -3.6400008287109382E+00 a       195     0    13     1    15
 -2.6331791203250721E-01 a       196     0    14     1     1
  4.1685502732045049E-01 a       197     0    14     1     2
 -9.4748040941910527E-01 a       198     0    14     1     3
 -7.7223407993642676E-02 a       199     0    14     1     4
  4.2981122235428809E-01 a       200     0    14     1     5
 -5.1122203239178923E-03 a       201     0    14     1     6
  8.0926068935244488E-01 a       202     0    14     1     7
  4.1733634459756480E-01 a       203     0    14     1     8
  8.1125942500120940E-01 a       204     0    14     1     9
  1.2560058240185834E-01 a       205     0    14     1    10
  7.1798007493460403E-01 a       206     0    14     1    11
  5.0405849368378919E-01 a       207     0    14     1    12
 -1.6655903987451834E-01 a       208     0    14     1    13
 -2.1918983571808933E-02 a       209     0    14     1    14
  3.3733816848400544E-01 a       210     0    14     1    15
 -1.1493517285062200E+00 a       211     0    15     1     1
 -8.7731432733646909E-03 a       212     0    15     1     2
  5.8468958297233709E-01 a       213     0    15     1     3
 -7.5732331671604414E-01 a       214     0    15     1     4
 -5.8913886935268067E-01 a       215     0    15     1     5
 -4.4527879652776242E-01 a       216     0    15     1     6
  1.0709048949898161E+00 a       217     0    15     1     7
 -2.8376449245202857E+00 a       218     0    15     1     8
  7.8729347923244186E-01 a       219     0    15     1     9
 -3.0805588983554544E-01 a       220     0    15     1    10
  1.6595405666925822E+00 a       221     0    15     1    11
 -5.1122301000780412E-01 a       222     0    15     1    12
  1.0982401815198866E+00 a       223     0    15     1    13
  8.5226239044058338E-01 a       224     0    15     1    14
  3.2014475237269906E+00 a       225     0    15     1    15
  6.3712819709251989E-01 a       226     0    16     1     1
 -3.4933641608665628E-01 a       227     0    16     1     2
  6.8502726133444114E-01 a       228     0    16     1     3
  1.5340639818152293E-01 a       229     0    16     1     4
  1.5971358661661236E-01 a       230     0    16     1     5
  4.8592659216679698E-02 a       231     0    16     1     6
 -3.6699527566504397E-01 a       232     0    16     1     7
  6.9183203470730370E-02 a       233     0    16     1     8
 -2.1639552564673781E-01 a       234     0    16     1     9
 -7.7237302590303675E-02 a       235     0    16     1    10
 -3.1750798590261187E-01 a       236     0    16     1    11
 -3.8576607336058755E-01 a       237     0    16     1    12
  2.1022275829896420E-01 a       238     0    16     1    13
  4.5744377546160862E-02 a       239     0    16     1    14
  2.3911658509583331E-01 a       240     0    16     1    15
  9.2934535070055377E-02 a       241     0    17     1     1
 -5.4318320215375737E-01 a       242     0    17     1     2
  5.2038083575048677E-01 a       243     0    17     1     3
  8.0887697359839039E-01 a       244     0    17     1     4
 -5.5386656909517362E-01 a       245     0    17     1     5
 -5.5010898875396896E-01 a       246     0    17     1     6
  3.7645685645258242E-01 a       247     0    17     1     7
  2.3588536778790894E-01 a       248     0    17     1     8
 -3.2833695925840750E-01 a       249     0    17     1     9
  3.0414236666990763E-01 a       250     0    17     1    10
 -1.0057084024149785E+00 a       251     0    17     1    11
  2.7682077696836327E-01 a       252     0    17     1    12
  9.0426461217550824E-01 a       253     0    17     1    13
  5.2279032368864609E-01 a       254     0    17     1    14
  6.5051705279891195E-02 a       255     0    17     1    15
  1.1107198464640700E-01 a       256     0    18     1     1
  1.7102475848468851E-01 a       257     0    18     1     2
  1.2326901526751019E-01 a       258     0    18     1     3
  5.0704983667611565E-02 a       259     0    18     1     4
 -1.1311318483919859E+00 a       260     0    18     1     5
  2.3563949224635311E-01 a       261     0    18     1     6
 -3.2126076636971573E-01 a       262     0    18     1     7
  1.0374644663856907E+00 a       263     0    18     1     8
  3.1749962838846552E-01 a       264     0    18     1     9
 -7.4747528202615626E-02 a       265     0    18     1    10
 -1.2706300099947263E-01 a       266     0    18     1    11
 -4.2304620808164173E-01 a       267     0    18     1    12
  2.1295193581402566E-01 a       268     0    18     1    13
  1.7636680619698228E-01 a       269     0    18     1    14
  1.0461126551124940E+00 a       270     0    18     1    15
  1.1043652055634596E+00 a       271     0    19     1     1
  2.5361889874084326E-01 a       272     0    19     1     2
  6.1869252914623174E-01 a       273     0    19     1     3
 -3.7718303096405792E-01 a       274     0    19     1     4
 -8.3523828712193593E-01 a       275     0    19     1     5
  1.1093387444551028E+00 a       276     0    19     1     6
  1.1498653056726464E+00 a       277     0    19     1     7
 -1.0988256779109846E+00 a       278     0    19     1     8
  7.8865777836002504E-01 a       279     0    19     1     9
 -1.5980911064331189E+00 a       280     0    19     1    10
 -9.3219347548619091E-01 a       281     0    19     1    11
 -1.9675909949291900E-01 a       282     0    19     1    12
 -1.2522628727230893E+00 a       283     0    19     1    13
 -6.7610661428732099E-01 a       284     0    19     1    14
 -1.2690700133819575E+00 a       285     0    19     1    15
 -7.6340650597824578E-01 a       286     0    20     1     1
 -2.4533285727250576E-01 a       287     0    20     1     2
 -4.6776858703360430E-02 a       288     0    20     1     3
 -1.8915378632647778E-01 a       289     0    20     1     4
 -1.8946294455251975E-01 a       290     0    20     1     5
  9.3916427899755783E-01 a       291     0    20     1     6
  9.9320817423018487E-02 a       292     0    20     1     7
  9.6734140251106271E-01 a       293     0    20     1     8
  4.1587007257350062E-01 a       294     0    20     1     9
  4.8753210929006763E-01 a       295     0    20     1    10
 -1.3613264491520938E-01 a       296     0    20     1    11
 -2.2235435878076051E-01 a       297     0    20     1    12
 -3.1286758684132132E-01 a       298     0    20     1    13
  1.4009783370517396E-02 a       299     0    20     1    14
  3.1596440159137990E-01 a       300     0    20     1    15
  9.8669141046278086E-01 a       301     0    21     1     1
  3.4230896817232320E-01 a       302     0    21     1     2
 -2.3338765871180522E-01 a       303     0    21     1     3
  5.7849164368486605E-01 a       304     0    21     1     4
 -9.6221140374948388E-01 a       305     0    21     1     5
  4.9005234674388110E-01 a       306     0    21     1     6
 -4.8497649355436698E-02 a       307     0    21     1     7
  7.4649591553546590E-01 a       308     0    21     1     8
 -1.0222378377845334E+00 a       309     0    21     1     9
  2.5234827694164852E-01 a       310     0    21     1    10
 -1.6688134865030785E-01 a       311     0    21     1    11
 -3.9104823208683859E-01 a       312     0    21     1    12
  1.5941182774636783E-01 a       313     0    21     1    13
 -1.8810641882201518E-01 a       314     0    21     1    14
 -8.6270154177165947E-01 a       315     0    21     1    15
  6.4185685309617080E-01 a       316     0    22     1     1
  5.5615322197376527E-01 a       317     0    22     1     2
 -7.4315856384295742E-01 a       318     0    22     1     3
  5.1694932442688979E-01 a       319     0    22     1     4
 -6.9805197191637458E-01 a       320     0    22     1     5
 -4.6890413845045142E-01 a       321     0    22     1     6
 -5.0777414817653532E-01 a       322     0    22     1     7
 -5.9380971269338889E-01 a       323     0    22     1     8
 -3.6018364150262089E-01 a       324     0    22     1     9
 -5.2888341905242142E-01 a       325     0    22     1    10
 -1.5888553190345776E+00 a       326     0    22     1    11
  3.2898116846382414E-01 a       327     0    22     1    12
 -1.0343350074533255E+00 a       328     0    22     1    13
  3.3861224472144186E-01 a       329     0    22     1    14
  1.2731123805693303E+00 a       330     0    22     1    15
  2.0794618091301537E-01 a       331     0    23     1     1
 -4.6583437244924025E-01 a       332     0    23     1     2
 -5.6358936246342828E-01 a       333     0    23     1     3
  1.1553223296968769E+00 a       334     0    23     1     4
 -2.9688169432924111E-04 a       335     0    23     1     5
 -2.5312607104920837E-01 a       336     0    23     1     6
  5.4989186838278283E-02 a       337     0    23     1     7
  2.0194741632595128E-01 a       338     0    23     1     8
 -1.2214971782326932E-01 a       339     0    23     1     9
  4.8799956959281500E-02 a       340     0    23     1    10
  1.1541602810156262E+00 a       341     0    23     1    11
 -1.7106025179157955E-01 a       342     0    23     1    12
 -1.2783364254631744E+00 a       343     0    23     1    13
  1.6176372256503249E-01 a       344     0    23     1    14
 -4.0416032693473367E-02 a       345     0    23     1    15
 -2.5813618037256775E-04 a       346     0    24     1     1
 -8.5637610579084922E-02 a       347     0    24     1     2
  9.5701416169912323E-01 a       348     0    24     1     3
 -4.4850482871292528E-02 a       349     0    24     1     4
 -1.3104934117736666E+00 a       350     0    24     1     5
 -4.5092961093657158E-01 a       351     0    24     1     6
  5.3513877509410790E-01 a       352     0    24     1     7
  2.3482225741327706E-01 a       353     0    24     1     8
 -8.4994346670592369E-01 a       354     0    24     1     9
 -2.9342538841062693E-01 a       355     0    24     1    10
 -5.9542235081572514E-01 a       356     0    24     1    11
 -5.9299869007012861E-02 a       357     0    24     1    12
  1.8367193933386927E-01 a       358     0    24     1    13
 -1.9570672823729415E-01 a       359     0    24     1    14
 -6.0402713172496147E-01 a       360     0    24     1    15
 -4.6951241632285640E-01 a       361     0    25     1     1
 -2.7327020679574432E-01 a       362     0    25     1     2
 -3.5291072537498108E-01 a       363     0    25     1     3
 -3.9257564567297748E-01 a       364     0    25     1     4
  1.2187421037200494E-01 a       365     0    25     1     5
  9.1684752351530074E-01 a       366     0    25     1     6
  2.5029760296047221E-01 a       367     0    25     1     7
 -7.0093906334296907E-01 a       368     0    25     1     8
  3.8611114087451404E-01 a       369     0    25     1     9
  5.4118267701251588E-01 a       370     0    25     1    10
  1.5670646435517308E+00 a       371     0    25     1    11
 -1.5461915274659946E-01 a       372     0    25     1    12
  5.2449274204303752E-02 a       373     0    25     1    13
 -5.8820425996004333E-01 a       374     0    25     1    14
  5.7974069078743556E-02 a       375     0    25     1    15
  2.5071827856535162E-01 a       376     0    26     1     1
 -1.4639450611850308E-02 a       377     0    26     1     2
 -6.2096590341451885E-01 a       378     0    26     1     3
  7.8450729535741015E-01 a       379     0    26     1     4
 -6.5753121478591674E-03 a       380     0    26     1     5
  9.5287158732846156E-01 a       381     0    26     1     6
  3.4961475971135492E-01 a       382     0    26     1     7
 -4.1166382475488389E-01 a       383     0    26     1     8
 -8.5801738756905865E-01 a       384     0    26     1     9
 -2.7165969099954757E-01 a       385     0    26     1    10
  1.2220322762423295E-01 a       386     0    26     1    11
  1.5645381000850991E-01 a       387     0    26     1    12
 -2.9821846980386435E-01 a       388     0    26     1    13
 -6.2788222999303156E-01 a       389     0    26     1    14
  1.1237261595299113E-01 a       390     0    26     1    15
  1.9489231411507882E-01 a       391     0    27     1     1
 -2.0925568720193932E-01 a       392     0    27     1     2
 -4.8881969368323758E-01 a       393     0    27     1     3
  1.5923004725848469E-02 a       394     0    27     1     4
  8.9898984359930467E-01 a       395     0    27     1     5
 -4.5276413245708802E-01 a       396     0    27     1     6
  6.5028743305129177E-01 a       397     0    27     1     7
 -2.0777113736046671E-01 a       398     0    27     1     8
 -3.0272776855354028E-01 a       399     0    27     1     9
 -3.3353466224980227E-01 a       400     0    27     1    10
  2.3837029260394793E-01 a       401     0    27     1    11
 -4.4317325066410501E-01 a       402     0    27     1    12
  7.3469213853083704E-01 a       403     0    27     1    13
  2.8094384241492010E-01 a       404     0    27     1    14
  6.2839037413374854E-01 a       405     0    27     1    15
  3.2597224137821956E-01 a       406     0    28     1     1
 -5.3044353648110887E-01 a       407     0    28     1     2
 -5.1592128044948138E-01 a       408     0    28     1     3
 -7.6419353075312405E-02 a       409     0    28     1     4
  4.5008746230001001E-01 a       410     0    28     1     5
 -1.6924278058944073E-01 a       411     0    28     1     6
  1.7275031997620865E-01 a       412     0    28     1     7
  3.7636584178019089E-01 a       413     0    28     1     8
 -1.1137787488574740E+00 a       414     0    28     1     9
  4.0720570788538907E-01 a       415     0    28     1    10
 -2.1073184468429661E-02 a       416     0    28     1    11
 -1.3099663962635975E+00 a       417     0    28     1    12
 -8.6566010690859174E-01 a       418     0    28     1    13
  1.3814975706188709E-01 a       419     0    28     1    14
  1.1080167124986073E+00 a       420     0    28     1    15
 -4.9767012261075283E-01 a       421     0    29     1     1
  4.1204962207867901E-02 a       422     0    29     1     2
 -1.1138366743258223E-01 a       423     0    29     1     3
 -1.1655512729344952E+00 a       424     0    29     1     4
 -7.3314759714808775E-01 a       425     0    29     1     5
  1.1638723121246952E-01 a       426     0    29     1     6
 -2.2088452329105190E+00 a       427     0    29     1     7
 -7.4872218482743946E-01 a       428     0    29     1     8
  2.1585342731877824E-01 a       429     0    29     1     9
  1.6507886783695494E-01 a       430     0    29     1    10
  9.5229974616791402E-01 a       431     0    29     1    11
 -5.3339470622959528E-01 a       432     0    29     1    12
 -7.6559538610450631E-02 a       433     0    29     1    13
 -1.3378470844261010E+00 a       434     0    29     1    14
  1.3268939895150275E-01 a       435     0    29     1    15
  3.1058734019498313E-01 a       436     0    30     1     1
 -6.0214797933339259E-01 a       437     0    30     1     2
 -5.4994102734295081E-01 a       438     0    30     1     3
  7.1334020399357080E-03 a       439     0    30     1     4
  2.7644027862552034E-01 a       440     0    30     1     5
 -1.2243939957314835E-01 a       441     0    30     1     6
 -1.6519386558997201E-01 a       442     0    30     1     7
 -1.9709830335445064E-01 a       443     0    30     1     8
  1.8225466809391272E-01 a       444     0    30     1     9
  3.8685977108655867E-01 a       445     0    30     1    10
  3.6656669554253035E-01 a       446     0    30     1    11
 -1.8417205469282830E-01 a       447     0    30     1    12
  1.8875318288766882E-01 a       448     0    30     1    13
 -2.6479453713983353E-01 a       449     0    30     1    14
 -8.7494243376323569E-02 a       450     0    30     1    15
  7.0882363495997758E-01 a       451     0    31     1     1
 -5.3898181351112318E-01 a       452     0    31     1     2
  5.8276007513854755E-01 a       453     0    31     1     3
 -6.8860115192003679E-01 a       454     0    31     1     4
 -7.4609938559327615E-01 a       455     0    31     1     5
  4.0631693400361024E-01 a       456     0    31     1     6
  7.4910450719662325E-01 a       457     0    31     1     7
 -6.6293502756086908E-01 a       458     0    31     1     8
 -1.1112786355080534E-01 a       459     0    31     1     9
  1.0101691264231190E+00 a       460     0    31     1    10
 -2.2507035592425732E-02 a       461     0    31     1    11
 -6.5693018203003195E-01 a       462     0    31     1    12
  1.2458386750041615E-01 a       463     0    31     1    13
  6.0896905233129850E-01 a       464     0    31     1    14
 -2.2117725790908496E-01 a       465     0    31     1    15
  9.3426853973727830E-01 a       466     0    32     1     1
  1.5166134192552914E+00 a       467     0    32     1     2
  5.6376390551851630E-01 a       468     0    32     1     3
 -3.1895325129591307E-01 a       469     0    32     1     4
  7.4486899783253224E-01 a       470     0    32     1     5
  5.0445630122841034E-01 a       471     0    32     1     6
  3.9450114926113944E-01 a       472     0    32     1     7
  8.1408209579043456E-01 a       473     0    32     1     8
 -4.5180710107499113E-02 a       474     0    32     1     9
 -5.7537743350543813E-01 a       475     0    32     1    10
 -2.5732944349907921E-01 a       476     0    32     1    11
  7.9125865136557250E-01 a       477     0    32     1    12
 -8.3239691549075445E-01 a       478     0    32     1    13
 -9.5672801202961000E-01 a       479     0    32     1    14
 -4.3872854574140624E-01 a       480     0    32     1    15
 -5.7781123341248530E-01 a       481     0    33     1     1
  5.1802026767791975E-01 a       482     0    33     1     2
 -1.1702601334225131E+00 a       483     0    33     1     3
 -4.7151074642836804E-01 a       484     0    33     1     4
  5.2889691818107698E-01 a       485     0    33     1     5
 -1.8701892036748169E-01 a       486     0    33     1     6
  3.0099401519255470E-01 a       487     0    33     1     7
  3.7199434562788486E-02 a       488     0    33     1     8
 -4.2108310097246232E-01 a       489     0    33     1     9
 -2.4511177516721655E-01 a       490     0    33     1    10
 -4.8071213688930227E-02 a       491     0    33     1    11
  9.1028543306133125E-01 a       492     0    33     1    12
 -4.5707413702732769E-01 a       493     0    33     1    13
  5.1130341382696209E-01 a       494     0    33     1    14
  2.6858607993841693E-01 a       495     0    33     1    15
  4.3794030163212072E-01 a       496     0    34     1     1
  2.5349902335147673E-01 a       497     0    34     1     2
  1.1161339602687077E+00 a       498     0    34     1     3
 -5.4076442276181858E-01 a       499     0    34     1     4
 -1.1198802937237964E-01 a       500     0    34     1     5
 -4.5929959158832762E-01 a       501     0    34     1     6
 -4.8708050844965811E-01 a       502     0    34     1     7
  4.1857354682880155E-01 a       503     0    34     1     8
 -9.1982315305897144E-01 a       504     0    34     1     9
  8.8567609072885634E-01 a       505     0    34     1    10
  1.2190565532202979E+00 a       506     0    34     1    11
  9.8586229870019804E-01 a       507     0    34     1    12
  3.3531971781924635E-01 a       508     0    34     1    13
  3.6615102205471539E-01 a       509     0    34     1    14
  7.2026338635532117E-01 a       510     0    34     1    15
 -4.8701684269094725E-01 a       511     0    35     1     1
  1.4906731577160043E-01 a       512     0    35     1     2
  4.9278497959702461E-02 a       513     0    35     1     3
 -8.0623201398352917E-01 a       514     0    35     1     4
  5.2388597528372460E-01 a       515     0    35     1     5
  2.8598159848756227E-01 a       516     0    35     1     6
  4.3697171810103913E-01 a       517     0    35     1     7
  4.0685547440837344E-01 a       518     0    35     1     8
  4.8160280393234126E-02 a       519     0    35     1     9
 -1.6558991748213123E-01 a       520     0    35     1    10
 -1.1531859565455196E+00 a       521     0    35     1    11
  4.2051097272510662E-01 a       522     0    35     1    12
  6.7847634456574446E-01 a       523     0    35     1    13
  8.9424919769011946E-01 a       524     0    35     1    14
 -8.2383065454211646E-02 a       525     0    35     1    15
  1.4461931166924616E-01 a       526     0    36     1     1
 -7.5781813029921152E-01 a       527     0    36     1     2
  1.0860883290847609E+00 a       528     0    36     1     3
 -1.4969290915863548E-01 a       529     0    36     1     4
  5.3223373874632318E-01 a       530     0    36     1     5
  2.0363348702914624E-01 a       531     0    36     1     6
 -2.7811842969931233E-01 a       532     0    36     1     7
  1.7925432503080990E-01 a       533     0    36     1     8
 -6.2528488507059998E-01 a       534     0    36     1     9
  5.1113409407307819E-01 a       535     0    36     1    10
 -5.4275064907433869E-02 a       536     0    36     1    11
  8.7647100819717849E-01 a       537     0    36     1    12
 -1.3529859547653442E-01 a       538     0    36     1    13
  1.6337224043417517E-01 a       539     0    36     1    14
 -4.0430213163322992E-01 a       540     0    36     1    15
 -8.8340535237271411E-01 a       541     0    37     1     1
  9.6398352481824323E-01 a       542     0    37     1     2
 -1.0173148551936397E+00 a       543     0    37     1     3
  1.1716571315445135E+00 a       544     0    37     1     4
  1.2480592866118672E+00 a       545     0    37     1     5
 -2.3908242494954599E-01 a       546     0    37     1     6
 -6.8009200097493860E-01 a       547     0    37     1     7
 -8.7058437212192516E-02 a       548     0    37     1     8
  1.1240905528621402E-01 a       549     0    37     1     9
 -4.5150654873848911E-01 a       550     0    37     1    10
 -5.7123566906666534E-01 a       551     0    37     1    11
 -8.7067841346800579E-01 a       552     0    37     1    12
 -8.5439976477301482E-01 a       553     0    37     1    13
  6.0535754676641829E-01 a       554     0    37     1    14
  4.7902496064905781E-01 a       555     0    37     1    15
 -7.2132228977716550E-01 a       556     0    38     1     1
 -2.6741289685310747E-02 a       557     0    38     1     2
 -5.6270892221814273E-01 a       558     0    38     1     3
 -6.5157102847486981E-01 a       559     0    38     1     4
  3.7935713326995822E-02 a       560     0    38     1     5
 -5.8475138566823359E-01 a       561     0    38     1     6
 -4.0999808527766785E-01 a       562     0    38     1     7
 -1.7838029956897869E-01 a       563     0    38     1     8
  5.1338522914292517E-01 a       564     0    38     1     9
  1.5160534893879216E-01 a       565     0    38     1    10
  3.7308183223674213E-01 a       566     0    38     1    11
 -5.6379718105177090E-01 a       567     0    38     1    12
  4.0324976496173787E-01 a       568     0    38     1    13
  1.8354597392763732E+00 a       569     0    38     1    14
 -3.0722588780899496E-01 a       570     0    38     1    15
 -2.1350964560450225E-01 a       571     0    39     1     1
  4.4402912299834024E-01 a       572     0    39     1     2
 -2.4208564839456786E-01 a       573     0    39     1     3
  7.2966429423071091E-02 a       574     0    39     1     4
  3.4978739004902920E-01 a       575     0    39     1     5
  4.3500580437410252E-01 a       576     0    39     1     6
 -9.2753848726238886E-01 a       577     0    39     1     7
 -4.6680526356121209E-02 a       578     0    39     1     8
  7.1901091440784215E-01 a       579     0    39     1     9
  1.8832877489329300E-01 a       580     0    39     1    10
  3.8464353086488585E-04 a       581     0    39     1    11
  3.8128790832426773E-01 a       582     0    39     1    12
 -1.3221231274023810E+00 a       583     0    39     1    13
  4.6671251111504643E-02 a       584     0    39     1    14
 -3.8215779918737941E-01 a       585     0    39     1    15
  2.3188361776376737E-01 a       586     0    40     1     1
  3.7166117432031492E-01 a       587     0    40     1     2
  3.2869520191880869E-01 a       588     0    40     1     3
  2.8269767921580502E-01 a       589     0    40     1     4
  7.2658208782642741E-01 a       590     0    40     1     5
 -1.6107293569291115E-01 a       591     0    40     1     6
  2.1620739510138109E-02 a       592     0    40     1     7
 -1.5201828325720179E-01 a       593     0    40     1     8
  1.2037804562226562E+00 a       594     0    40     1     9
 -2.9784013570632711E-01 a       595     0    40     1    10
 -2.0636185274463112E-01 a       596     0    40     1    11
  1.7272754192612987E+00 a       597     0    40     1    12
 -7.6586799723519963E-02 a       598     0    40     1    13
  2.9815242478357151E-01 a       599     0    40     1    14
 -1.2177965396500356E+00 a       600     0    40     1    15
  5.4104953479288220E-01 a       601     0    41     1     1
 -1.0458865879190258E+00 a       602     0    41     1     2
  1.1630878431258788E-02 a       603     0    41     1     3
  2.2118746116582436E-01 a       604     0    41     1     4
  4.6197204594860729E-02 a       605     0    41     1     5
 -3.4531465150770146E-01 a       606     0    41     1     6
  1.4787277930710503E+00 a       607     0    41     1     7
  1.0892139673463848E-01 a       608     0    41     1     8
 -7.1344335336632658E-01 a       609     0    41     1     9
 -2.6066986839847417E-01 a       610     0    41     1    10
 -3.2077861022221094E-01 a       611     0    41     1    11
  3.1978255851447401E-01 a       612     0    41     1    12
  1.9480000524719293E-01 a       613     0    41     1    13
 -6.9777855654640994E-02 a       614     0    41     1    14
 -6.4397976070490234E-02 a       615     0    41     1    15
 -1.1952451059505553E+00 a       616     0    42     1     1
  1.6185006812532321E-01 a       617     0    42     1     2
  6.7299046831453102E-02 a       618     0    42     1     3
  5.1270402922420598E-02 a       619     0    42     1     4
  8.6469399230499822E-01 a       620     0    42     1     5
 -7.2768692567832449E-01 a       621     0    42     1     6
  1.0988726309728132E-01 a       622     0    42     1     7
  4.9188789132615834E-01 a       623     0    42     1     8
 -1.6606965586768038E-01 a       624     0    42     1     9
 -5.1727630896015890E-02 a       625     0    42     1    10
  5.5008743339170074E-01 a       626     0    42     1    11
 -1.1160158943895448E-01 a       627     0    42     1    12
 -5.0081647728854328E-01 a       628     0    42     1    13
 -1.1918529119817407E-01 a       629     0    42     1    14
 -3.3106833913511879E-01 a       630     0    42     1    15
 -1.3590176194114221E+00 a       631     0    43     1     1
 -5.0985942864540879E-01 a       632     0    43     1     2
  1.0869580828653302E+00 a       633     0    43     1     3
 -6.2248433206962162E-01 a       634     0    43     1     4
 -4.0740321646516742E-01 a       635     0    43     1     5
 -1.0235442712783647E+00 a       636     0    43     1     6
 -1.6867375790109134E+00 a       637     0    43     1     7
 -9.9789101935037250E-01 a       638     0    43     1     8
 -9.1319732231454886E-01 a       639     0    43     1     9
 -5.9315035765282398E-01 a       640     0    43     1    10
 -3.0480609538009899E-02 a       641     0    43     1    11
  3.4798312713414117E-02 a       642     0    43     1    12
 -6.6389528272461185E-01 a       643     0    43     1    13
  5.0681542943633673E-01 a       644     0    43     1    14
  5.4398599093736755E-01 a       645     0    43     1    15
  9.6057074379517615E-01 a       646     0    44     1     1
 -9.5270566007255808E-01 a       647     0    44     1     2
 -4.4890118301342968E-01 a       648     0    44     1     3
  6.7673461940283453E-01 a       649     0    44     1     4
 -9.7309057480639130E-02 a       650     0    44     1     5
 -5.6753806422915043E-01 a       651     0    44     1     6
 -7.1831637440405063E-02 a       652     0    44     1     7
 -1.1133131360720756E+00 a       653     0    44     1     8
 -5.6105210491464519E-01 a       654     0    44     1     9
  4.2657873417520825E-01 a       655     0    44     1    10
  7.2440276431147116E-02 a       656     0    44     1    11
 -9.6917456071842836E-02 a       657     0    44     1    12
 -1.1207641504353455E-01 a       658     0    44     1    13
  1.6376262520684370E+00 a       659     0    44     1    14
  6.8048643795673236E-01 a       660     0    44     1    15
  2.9300360158942584E-01 a       661     0    45     1     1
  4.2203247719822423E-02 a       662     0    45     1     2
 -9.0544066235994947E-01 a       663     0    45     1     3
  2.2504955934051502E-01 a       664     0    45     1     4
 -2.3398409903111936E-01 a       665     0    45     1     5
  2.6391403370413052E-01 a       666     0    45     1     6
  2.2053384564206904E-01 a       667     0    45     1     7
 -5.5814002267661600E-01 a       668     0    45     1     8
  1.6256279845296543E-02 a       669     0    45     1     9
 -9.6153119829596491E-03 a       670     0    45     1    10
 -2.9987773431832732E-01 a       671     0    45     1    11
 -9.8434932724078295E-01 a       672     0    45     1    12
  1.5152511176449254E-01 a       673     0    45     1    13
  4.0377413584424754E-01 a       674     0    45     1    14
  7.4300975112555678E-01 a       675     0    45     1    15
 -8.1245284458928835E-01 a       676     0    46     1     1
 -2.9262667311349577E-01 a       677     0    46     1     2
  3.5500284924307973E-01 a       678     0    46     1     3
  1.1107093845619063E+00 a       679     0    46     1     4
  1.2336445395760698E+00 a       680     0    46     1     5
 -1.5270821093109044E-01 a       681     0    46     1     6
  6.6865205664250679E-02 a       682     0    46     1     7
 -6.2224205769207153E-01 a       683     0    46     1     8
  8.2149851202887081E-01 a       684     0    46     1     9
  9.2600880420240450E-02 a       685     0    46     1    10
  6.6991264407473450E-01 a       686     0    46     1    11
 -2.0400854249965947E-01 a       687     0    46     1    12
  1.1281698382283707E+00 a       688     0    46     1    13
 -7.0178461740945108E-01 a       689     0    46     1    14
 -2.6750720448892484E-01 a       690     0    46     1    15
  2.1189579339793421E-01 a       691     0    47     1     1
  3.7266160768746470E-01 a       692     0    47     1     2
  7.2569625839931706E-01 a       693     0    47     1     3
 -1.8212101705494740E-01 a       694     0    47     1     4
 -3.4013910843671430E-01 a       695     0    47     1     5
 -1.1619666285520862E-01 a       696     0    47     1     6
 -3.8306694100989125E-01 a       697     0    47     1     7
 -5.0634885322479894E-01 a       698     0    47     1     8
  3.3895688523616646E-01 a       699     0    47     1     9
  9.3082346054682269E-02 a       700     0    47     1    10
  3.8294265988248477E-01 a       701     0    47     1    11
 -4.1772837192347989E-01 a       702     0    47     1    12
 -1.4210636661996842E-01 a       703     0    47     1    13
 -8.5566219388883724E-01 a       704     0    47     1    14
  1.7096384885590246E-01 a       705     0    47     1    15
 -2.4173814669837788E-02 a       706     0    48     1     1
  7.5852731541378549E-01 a       707     0    48     1     2
 -9.9233854469185379E-01 a       708     0    48     1     3
 -1.0765571207752943E-01 a       709     0    48     1     4
  6.5179532882918911E-01 a       710     0    48     1     5
  1.6630096811622289E-01 a       711     0    48     1     6
  4.7894272272959858E-02 a       712     0    48     1     7
 -4.4723940310484855E-01 a       713     0    48     1     8
  1.0173499351460933E+00 a       714     0    48     1     9
 -2.1014565900420126E-01 a       715     0    48     1    10
  1.6054781199070836E-01 a       716     0    48     1    11
 -7.3245939832874896E-01 a       717     0    48     1    12
  2.5906470945555554E-01 a       718     0    48     1    13
  4.9097663265021074E-01 a       719     0    48     1    14
  8.0679136794269524E-01 a       720     0    48     1    15
 -4.3010994181347122E-02 a       721     0    49     1     1
 -6.8248451929544229E-01 a       722     0    49     1     2
  4.4588001274270689E-01 a       723     0    49     1     3
 -6.3085465236882532E-01 a       724     0    49     1     4
 -6.2907140365227310E-01 a       725     0    49     1     5
 -9.2459594466085582E-01 a       726     0    49     1     6
  4.0780529097757784E-01 a       727     0    49     1     7
  1.2682115517624215E-01 a       728     0    49     1     8
  5.2739010946600814E-02 a       729     0    49     1     9
 -3.0189951207380095E-02 a       730     0    49     1    10
 -1.7656251128977135E-01 a       731     0    49     1    11
  1.1653527983238308E+00 a       732     0    49     1    12
  4.7075346549606889E-01 a       733     0    49     1    13
 -4.9830393758314301E-02 a       734     0    49     1    14
 -5.0174140455929861E-01 a       735     0    49     1    15
 -3.3119893066177714E-01 a       736     0    50     1     1
  1.4773159246073872E-01 a       737     0    50     1     2
  1.1738273850494736E+00 a       738     0    50     1     3
 -1.0045358058387759E-01 a       739     0    50     1     4
  3.1523483149416859E-01 a       740     0    50     1     5
 -2.0283575358319678E-01 a       741     0    50     1     6
 -6.6654648160830512E-02 a       742     0    50     1     7
 -4.2921546139309624E-01 a       743     0    50     1     8
  6.2309218227317342E-01 a       744     0    50     1     9
 -2.0105876896435243E-01 a       745     0    50     1    10
  2.9379713240432374E-02 a       746     0    50     1    11
 -8.8530209229169099E-02 a       747     0    50     1    12
  5.7061007239243333E-01 a       748     0    50     1    13
 -7.6175720215947873E-02 a       749     0    50     1    14
 -4.4643749672712348E-02 a       750     0    50     1    15
 -3.4501374732665391E-01 a       751     0    51     1     1
 -3.9302586411985058E-01 a       752     0    51     1     2
  8.1211935448272321E-01 a       753     0    51     1     3
  1.0719363552593082E-01 a       754     0    51     1     4
 -1.7602936632273189E-01 a       755     0    51     1     5
  2.7785528393241221E-01 a       756     0    51     1     6
  1.8814871765633873E-01 a       757     0    51     1     7
 -3.8657712535008965E-01 a       758     0    51     1     8
  6.5095573455236547E-02 a       759     0    51     1     9
 -2.7098776143458070E-02 a       760     0    51     1    10
  5.4149154218553944E-02 a       761     0    51     1    11
  2.4737073970325124E-01 a       762     0    51     1    12
  6.7040620862641187E-01 a       763     0    51     1    13
 -2.1310827765362350E-01 a       764     0    51     1    14
 -2.2160949420446829E-01 a       765     0    51     1    15
 -5.9716752939810380E-01 a       766     0    52     1     1
 -1.9005390820240903E-01 a       767     0    52     1     2
 -1.1208727179604301E-01 a       768     0    52     1     3
 -1.1648367819313105E-01 a       769     0    52     1     4
 -2.0355494319550618E-01 a       770     0    52     1     5
  7.0952311690392136E-02 a       771     0    52     1     6
 -1.3811428292039959E-01 a       772     0    52     1     7
  3.9628661638846890E-01 a       773     0    52     1     8
 -1.0891737237751661E-01 a       774     0    52     1     9
  1.6085050342542073E-01 a       775     0    52     1    10
 -1.7999506304554871E-01 a       776     0    52     1    11
 -5.8210606294751055E-01 a       777     0    52     1    12
  7.3084258419519055E-01 a       778     0    52     1    13
 -4.4427682217358466E-01 a       779     0    52     1    14
  2.8407942133588709E-01 a       780     0    52     1    15
 -6.2444687413638023E-01 a       781     0    53     1     1
  5.4973061898434605E-01 a       782     0    53     1     2
 -2.7107604347315045E-01 a       783     0    53     1     3
  1.4742419797195605E-01 a       784     0    53     1     4
  3.9329881760387236E-01 a       785     0    53     1     5
  9.5278410743438305E-02 a       786     0    53     1     6
 -4.8627547541242222E-01 a       787     0    53     1     7
 -8.0581390215479484E-02 a       788     0    53     1     8
  3.8371290128837560E-01 a       789     0    53     1     9
  1.8739853006082621E-01 a       790     0    53     1    10
  7.6355671595846039E-02 a       791     0    53     1    11
 -1.4823980394081029E-01 a       792     0    53     1    12
 -3.5359275356205327E-01 a       793     0    53     1    13
 -4.7984876739027710E-01 a       794     0    53     1    14
  7.3439487562032876E-02 a       795     0    53     1    15
  7.3682680228899056E-01 a       796     0    54     1     1
  2.0052937305869134E-01 a       797     0    54     1     2
 -2.7983699534225787E-01 a       798     0    54     1     3
  9.3026104692009282E-02 a       799     0    54     1     4
  1.2899058993053791E-01 a       800     0    54     1     5
  1.2436297871452595E-01 a       801     0    54     1     6
 -6.4642296672258764E-02 a       802     0    54     1     7
 -3.1036429316170128E-01 a       803     0    54     1     8
  6.0955302849288552E-02 a       804     0    54     1     9
 -8.1751813019138364E-02 a       805     0    54     1    10
 -1.7774482804021358E-01 a       806     0    54     1    11
  5.5570931722900591E-02 a       807     0    54     1    12
  5.9768030063469868E-01 a       808     0    54     1    13
 -4.3134628258583087E-02 a       809     0    54     1    14
  1.8566149580179603E-01 a       810     0    54     1    15
  3.1471967547548378E-02 a       811     0    55     1     1
  1.0350348595712523E-01 a       812     0    55     1     2
 -7.1717336073877835E-01 a       813     0    55     1     3
  6.5953873867429424E-01 a       814     0    55     1     4
  2.8540094566898294E-01 a       815     0    55     1     5
  4.6431995075893150E-02 a       816     0    55     1     6
  5.6050579413362533E-01 a       817     0    55     1     7
  1.9040508973262538E-01 a       818     0    55     1     8
 -7.9266018878163563E-02 a       819     0    55     1     9
  3.5218565149597919E-01 a       820     0    55     1    10
  3.0843905687352319E-01 a       821     0    55     1    11
  8.0154329175518318E-02 a       822     0    55     1    12
 -4.6081277741023240E-02 a       823     0    55     1    13
 -1.7663273356214199E-01 a       824     0    55     1    14
 -3.4572040696441853E-01 a       825     0    55     1    15
 -9.7755923869755879E-01 a       826     0    56     1     1
  3.8988458587958236E-01 a       827     0    56     1     2
  4.5910134621056142E-01 a       828     0    56     1     3
 -6.9691509713755384E-01 a       829     0    56     1     4
  1.0379957961238072E-01 a       830     0    56     1     5
 -6.1157211464121985E-03 a       831     0    56     1     6
 -1.1212318643224095E-01 a       832     0    56     1     7
  2.7181718603020177E-01 a       833     0    56     1     8
  5.9309883374859373E-01 a       834     0    56     1     9
 -1.8903953312530647E-01 a       835     0    56     1    10
  8.0396587816512280E-02 a       836     0    56     1    11
  1.9389939726558034E-02 a       837     0    56     1    12
 -1.4321431593589973E-01 a       838     0    56     1    13
 -1.1060851540276141E-01 a       839     0    56     1    14
 -4.1229971501507723E-01 a       840     0    56     1    15
 -2.7410228071978848E-01 a       841     0    57     1     1
 -1.8885034648099286E-01 a       842     0    57     1     2
  4.3277573062684033E-01 a       843     0    57     1     3
 -1.3514451207168585E-01 a       844     0    57     1     4
 -3.6030376902614208E-02 a       845     0    57     1     5
  1.5198902360532798E-01 a       846     0    57     1     6
 -1.0357527450507475E-01 a       847     0    57     1     7
  2.8074156280241236E-01 a       848     0    57     1     8
 -8.5446842791975397E-02 a       849     0    57     1     9
  7.0490807499579838E-02 a       850     0    57     1    10
 -7.0291809464599030E-03 a       851     0    57     1    11
  3.3274512127306854E-01 a       852     0    57     1    12
  2.8853441758147969E-01 a       853     0    57     1    13
 -9.8975146941594955E-02 a       854     0    57     1    14
 -3.1936827688314684E-01 a       855     0    57     1    15
  5.2039153309393194E-01 a       856     0    58     1     1
  2.9016651442998209E-01 a       857     0    58     1     2
 -3.5449900473145346E-01 a       858     0    58     1     3
 -7.8309491345012283E-01 a       859     0    58     1     4
  2.5729172156581531E-01 a       860     0    58     1     5
  8.2198745310124322E-01 a       861     0    58     1     6
 -1.5567826743565780E-01 a       862     0    58     1     7
 -1.6380365391853970E-02 a       863     0    58     1     8
  4.5379744955950568E-01 a       864     0    58     1     9
 -9.8481284166772737E-02 a       865     0    58     1    10
 -4.5584076037891319E-01 a       866     0    58     1    11
  3.3590954102522060E-02 a       867     0    58     1    12
  2.5458040317050840E-01 a       868     0    58     1    13
  8.4274241672204098E-02 a       869     0    58     1    14
 -2.3793525242846109E-01 a       870     0    58     1    15
  8.9538133409176171E-02 a       871     0    59     1     1
 -2.8182876942957896E-01 a       872     0    59     1     2
 -4.9676842962846585E-01 a       873     0    59     1     3
  1.2262457352638503E-01 a       874     0    59     1     4
 -6.4118187370188276E-02 a       875     0    59     1     5
  2.4676820089522548E-02 a       876     0    59     1     6
  9.9666018239762427E-02 a       877     0    59     1     7
  3.0846314669566799E-01 a       878     0    59     1     8
 -2.6988149273329881E-01 a       879     0    59     1     9
 -7.2532930652028944E-03 a       880     0    59     1    10
 -1.2336862955704216E-01 a       881     0    59     1    11
  2.9933152118883133E-01 a       882     0    59     1    12
  2.0560399406037119E-01 a       883     0    59     1    13
  4.6957315954701495E-01 a       884     0    59     1    14
 -1.1579382918440902E-01 a       885     0    59     1    15
 -5.9784151559260555E-02 a       886     0    60     1     1
 -2.9480199348280917E-01 a       887     0    60     1     2
  2.2940173572453501E-01 a       888     0    60     1     3
  1.1255543797508263E-01 a       889     0    60     1     4
 -3.5532655815229913E-01 a       890     0    60     1     5
 -4.7195431663861767E-02 a       891     0    60     1     6
 -8.9391290451088217E-03 a       892     0    60     1     7
  1.5679035356032447E-01 a       893     0    60     1     8
 -3.2847734846560106E-01 a       894     0    60     1     9
  7.6047244841022890E-02 a       895     0    60     1    10
 -5.6676952707529177E-02 a       896     0    60     1    11
  2.2793244389922548E-01 a       897     0    60     1    12
 -2.0855312594945055E-01 a       898     0    60     1    13
 -1.8212239669266853E-01 a       899     0    60     1    14
 -3.0208129939279854E-01 a       900     0    60     1    15
  6.3233983169312802E-01 a       901     0    61     1     1
  2.4316373148210799E-01 a       902     0    61     1     2
 -2.4471908274983901E-02 a       903     0    61     1     3
  5.1450325842685413E-02 a       904     0    61     1     4
  9.7591269940100589E-02 a       905     0    61     1     5
  5.1518668041151017E-01 a       906     0    61     1     6
 -1.3266336925332076E-01 a       907     0    61     1     7
  2.6990787859293724E-01 a       908     0    61     1     8
  2.5890637188621578E-02 a       909     0    61     1     9
  2.6253388006002212E-03 a       910     0    61     1    10
 -3.5530263316989524E-02 a       911     0    61     1    11
 -4.8033750417466453E-01 a       912     0    61     1    12
 -5.9820932172365386E-02 a       913     0    61     1    13
 -3.4953084326669624E-02 a       914     0    61     1    14
  1.0820629773850721E-01 a       915     0    61     1    15
  1.8542497233267791E-01 a       916     0    62     1     1
  9.3280944397726634E-02 a       917     0    62     1     2
 -4.9138238758266140E-01 a       918     0    62     1     3
  2.3034682668297057E-02 a       919     0    62     1     4
 -4.0844145716535984E-01 a       920     0    62     1     5
  1.9670290997575907E-01 a       921     0    62     1     6
  9.7202213007870266E-03 a       922     0    62     1     7
  3.1781495596654918E-01 a       923     0    62     1     8
 -5.6541569151689552E-01 a       924     0    62     1     9
  2.5019067901310657E-02 a       925     0    62     1    10
 -6.1353162438598237E-02 a       926     0    62     1    11
 -3.0580914267295291E-02 a       927     0    62     1    12
 -2.3483056998304239E-01 a       928     0    62     1    13
 -2.2197612837830324E-01 a       929     0    62     1    14
  1.2248086047378837E-01 a       930     0    62     1    15
  3.1020331599259748E-01 a       931     0    63     1     1
  2.1342110933028352E-01 a       932     0    63     1     2
 -2.0750200375339312E-01 a       933     0    63     1     3
  1.3072011890647597E-02 a       934     0    63     1     4
  2.5674695932207333E-02 a       935     0    63     1     5
 -1.7814941590737595E-02 a       936     0    63     1     6
 -7.4993696408004448E-02 a       937     0    63     1     7
  1.5671003308092982E-01 a       938     0    63     1     8
 -7.6692937130330457E-02 a       939     0    63     1     9
 -6.8156728572033179E-03 a       940     0    63     1    10
 -1.4004546826188723E-02 a       941     0    63     1    11
 -1.2075056797348106E-01 a       942     0    63     1    12
  7.7672987268879223E-02 a       943     0    63     1    13
  2.3770180300251881E-02 a       944     0    63     1    14
  1.1910207906040533E-01 a       945     0    63     1    15
  9.1112572493414468E-01 a       946     0    64     1     1
  9.6379641678606492E-02 a       947     0    64     1     2
  2.8437055883794893E-01 a       948     0    64     1     3
  5.6316233958989236E-02 a       949     0    64     1     4
  4.8694199893456602E-01 a       950     0    64     1     5
  2.1123743915965831E-02 a       951     0    64     1     6
  3.5488045627986645E-02 a       952     0    64     1     7
 -4.5948711214899657E-01 a       953     0    64     1     8
  5.0715807915664581E-02 a       954     0    64     1     9
 -9.9774675693932877E-02 a       955     0    64     1    10
 -6.0528185437111352E-02 a       956     0    64     1    11
  2.2891158004161466E-01 a       957     0    64     1    12
 -4.3540563354317063E-01 a       958     0    64     1    13
  1.3011164537092490E-01 a       959     0    64     1    14
  9.9663941249075363E-02 a       960     0    64     1    15
  1.0488125612459711E+00 b       961     1     1
  6.6908341143112604E-01 b       962     1     2
 -5.8939319103916463E-02 b       963     1     3
  2.5139007673658015E-01 b       964     1     4
  3.9361821209562042E-01 b       965     1     5
  5.7881726871530170E-01 b       966     1     6
  7.4979333246157964E-01 b       967     1     7
 -3.1060319355383414E-01 b       968     1     8
 -1.1303183859486758E+00 b       969     1     9
  4.0652718065750254E-01 b       970     1    10
  5.0582871625899239E-01 b       971     1    11
 -5.6037054920111840E-01 b       972     1    12
  3.1486763282123781E-01 b       973     1    13
  1.5243371079526695E+00 b       974     1    14
 -1.2707435480092908E+00 b       975     1    15
  1.5594449827422574E+00 a       976     1     1     2     1
  3.3098041412549212E-01 a       977     1     1     2     2
 -1.4754389086093614E-01 a       978     1     1     2     3
  3.4333775619136264E-01 a       979     1     1     2     4
  1.2264005564088418E+00 a       980     1     1     2     5
  4.3514714457480758E-01 a       981     1     1     2     6
 -2.5919906683475497E-01 a       982     1     1     2     7
 -3.6583014297515745E-02 a       983     1     1     2     8
 -9.2548481369240931E-01 a       984     1     1     2     9
  3.7727886080119166E-01 a       985     1     1     2    10
  6.4069467571868499E-01 a       986     1     1     2    11
 -8.4956323275632450E-01 a       987     1     1     2    12
 -6.2461023246429870E-01 a       988     1     1     2    13
 -1.4377716035140806E-01 a       989     1     1     2    14
 -2.4572018663478001E-01 a       990     1     1     2    15
 -5.4841555617738891E-01 a       991     1     2     2     1
 -3.5876488289557529E-01 a       992     1     2     2     2
 -5.1667857556815611E-01 a       993     1     2     2     3
 -4.0395582718204492E-01 a       994     1     2     2     4
 -6.7014240848069589E-02 a       995     1     2     2     5
 -3.4196219510736231E-01 a       996     1     2     2     6
 -9.7101521160641846E-01 a       997     1     2     2     7
 -3.0467658815893761E-01 a       998     1     2     2     8
  2.6263206723839033E-01 a       999     1     2     2     9
  6.4259155581816985E-01 a      1000     1     2     2    10
 -3.8916639073386661E-01 a      1001     1     2     2    11
  2.2077388406375784E-01 a      1002     1     2     2    12
 -8.2632858123001285E-01 a      1003     1     2     2    13
  6.0278249558657260E-01 a      1004     1     2     2    14
 -6.1164554792951131E-01 a      1005     1     2     2    15
  4.2514356684143488E-02 a      1006     1     3     2     1
 -5.5192658853247378E-01 a      1007     1     3     2     2
  1.1422212696537464E+00 a      1008     1     3     2     3
  7.8317933137209528E-01 a      1009     1     3     2     4
  4.2073357856361243E-01 a      1010     1     3     2     5
 -3.6679097109327979E-01 a      1011     1     3     2     6
  3.1538922218121168E-01 a      1012     1     3     2     7
 -7.6832504073204522E-01 a      1013     1     3     2     8
 -5.7715405026395009E-02 a      1014     1     3     2     9
  3.9143259430427263E-01 a      1015     1     3     2    10
  5.4604011886085022E-03 a      1016     1     3     2    11
 -5.2689120425904777E-03 a      1017     1     3     2    12
 -5.0197447819883156E-01 a      1018     1     3     2    13
 -1.1034910423613722E+00 a      1019     1     3     2    14
  5.6484083799124296E-01 a      1020     1     3     2    15
  1.7032767976286554E+00 a      1021     1     4     2     1
 -1.0498432388921301E-01 a      1022     1     4     2     2
  1.8980228963818582E-01 a      1023     1     4     2     3
  9.3192862948342614E-02 a      1024     1     4     2     4
  2.2654942988005991E-01 a      1025     1     4     2     5
  8.3166443965209558E-02 a      1026     1     4     2     6
 -9.4845080536004622E-01 a      1027     1     4     2     7
 -7.8896949667292149E-01 a      1028     1     4     2     8
 -1.0420167752230545E+00 a      1029     1     4     2     9
  1.4800619404753707E-01 a      1030     1     4     2    10
  7.6967717549400405E-01 a      1031     1     4     2    11
 -8.4905199101676709E-01 a      1032     1     4     2    12
 -5.6776916506827790E-01 a      1033     1     4     2    13
 -8.6435881258732405E-01 a      1034     1     4     2    14
 -4.8430233562532926E-01 a      1035     1     4     2    15
  7.3895997598953667E-01 a      1036     1     5     2     1
  4.0139622731992769E-01 a      1037     1     5     2     2
 -2.2461751572228697E-01 a      1038     1     5     2     3
 -1.9104857336367495E-01 a      1039     1     5     2     4
  1.4663932021564091E-01 a      1040     1     5     2     5
  6.2399893901867975E-01 a      1041     1     5     2     6
  5.2627932022291535E-01 a      1042     1     5     2     7
 -4.8731950799221729E-01 a      1043     1     5     2     8
 -3.2263794189086492E-01 a      1044     1     5     2     9
 -5.5859277682063369E-01 a      1045     1     5     2    10
  4.4119128856291843E-02 a      1046     1     5     2    11
 -3.4313172730703456E-01 a      1047     1     5     2    12
  7.7862729871727077E-01 a      1048     1     5     2    13
  3.7613128382607386E-01 a      1049     1     5     2    14
 -1.2125998253372706E-01 a      1050     1     5     2    15
 -1.8588120373098690E-01 a      1051     1     6     2     1
  9.8152756876472635E-01 a      1052     1     6     2     2
  1.0427815527194080E+00 a      1053     1     6     2     3
 -5.2067028189910791E-01 a      1054     1     6     2     4
  6.4513490030668241E-01 a      1055     1     6     2     5
  3.6910113829596430E-01 a      1056     1     6     2     6
  2.8798700504792318E-01 a      1057     1     6     2     7
  3.0520007197547266E-01 a      1058     1     6     2     8
  7.0928948614542309E-01 a      1059     1     6     2     9
 -7.5974136674437776E-01 a      1060     1     6     2    10
  7.9121821094765210E-01 a      1061     1     6     2    11
  1.8030239942276285E-01 a      1062     1     6     2    12
 -2.9779267845989171E-01 a      1063     1     6     2    13
 -1.0464114436318970E+00 a      1064     1     6     2    14
  4.6639573816541734E-02 a      1065     1     6     2    15
  2.7466352307894659E-01 a      1066     1     7     2     1
 -5.8371480044389368E-01 a      1067     1     7     2     2
  3.7683855821308965E-01 a      1068     1     7     2     3
 -2.1272683389452411E+00 a      1069     1     7     2     4
  4.0809000879378843E-01 a      1070     1     7     2     5
 -7.3614936105246864E-01 a      1071     1     7     2     6
  1.5853153314445451E-01 a      1072     1     7     2     7
 -2.4854373641898979E+00 a      1073     1     7     2     8
  6.6219387063975477E-01 a      1074     1     7     2     9
 -5.1529720847930414E-02 a      1075     1     7     2    10
 -8.0959901276734103E-01 a      1076     1     7     2    11
 -8.5538546913127067E-01 a      1077     1     7     2    12
  3.3314961243096075E-01 a      1078     1     7     2    13
 -1.9527914547781480E+00 a      1079     1     7     2    14
  1.7692109819854432E-02 a      1080     1     7     2    15
 -3.1035792084207720E-01 a      1081     1     8     2     1
 -2.3599166607514888E-01 a      1082     1     8     2     2
  3.1812186526240283E-01 a      1083     1     8     2     3
  2.9269228763950000E-01 a      1084     1     8     2     4
  9.4875361247159395E-02 a      1085     1     8     2     5
  6.3788134159137561E-02 a      1086     1     8     2     6
  7.2846794030859763E-01 a      1087     1     8     2     7
 -5.5701632773214727E-01 a      1088     1     8     2     8
  5.7468827277732759E-01 a      1089     1     8     2     9
  3.5947806671083865E-01 a      1090     1     8     2    10
 -2.4179443513218038E-01 a      1091     1     8     2    11
  2.2355229965681489E-01 a      1092     1     8     2    12
 -1.5197556585307856E-01 a      1093     1     8     2    13
 -6.5222460304492369E-01 a      1094     1     8     2    14
  5.8583226761316765E-01 a      1095     1     8     2    15
 -6.0562368813699119E-01 a      1096     1     9     2     1
 -2.6435312172609499E-01 a      1097     1     9     2     2
 -6.4574015630534110E-01 a      1098     1     9     2     3
 -1.5647473613765345E-01 a      1099     1     9     2     4
 -8.3869894127580036E-01 a      1100     1     9     2     5
 -1.3159302018940394E-01 a      1101     1     9     2     6
 -7.5596497503502236E-01 a      1102     1     9     2     7
 -3.6448961674004760E-01 a      1103     1     9     2     8
  8.9052337522258984E-01 a      1104     1     9     2     9
 -1.2762773374331122E+00 a      1105     1     9     2    10
  8.4336849921176016E-01 a      1106     1     9     2    11
 -2.9333507693720218E-01 a      1107     1     9     2    12
 -6.5654063192629020E-01 a      1108     1     9     2    13
  1.8149339952259172E-01 a      1109     1     9     2    14
 -6.7665240792513315E-03 a      1110     1     9     2    15
  1.4867991644375447E+00 a      1111     1    10     2     1
  3.1691047775897369E-01 a      1112     1    10     2     2
 -9.9982419116872862E-02 a      1113     1    10     2     3
 -9.4450781192425626E-01 a      1114     1    10     2     4
 -1.0917607214526990E+00 a      1115     1    10     2     5
 -2.9441243811617501E-01 a      1116     1    10     2     6
  1.4625633106310948E-01 a      1117     1    10     2     7
  1.7073063419113588E-01 a      1118     1    10     2     8
  3.1607367161127448E-01 a      1119     1    10     2     9
 -1.0995537044224881E+00 a      1120     1    10     2    10
 -3.9599325041811312E-01 a      1121     1    10     2    11
 -9.0355862002461407E-01 a      1122     1    10     2    12
 -1.1740248246091582E-01 a      1123     1    10     2    13
  9.6324748098246349E-01 a      1124     1    10     2    14
 -2.8857033514390085E-01 a      1125     1    10     2    15
 -1.0783063785664977E+00 a      1126     1    11     2     1
  1.2808230525490962E+00 a      1127     1    11     2     2
 -1.9265977516498992E-01 a      1128     1    11     2     3
 -9.9740354763681327E-01 a      1129     1    11     2     4
  1.1991497639282793E+00 a      1130     1    11     2     5
 -1.0813888918766617E+00 a      1131     1    11     2     6
 -2.5854642057537958E-02 a      1132     1    11     2     7
  1.6564318170837344E+00 a      1133     1    11     2     8
  5.2536796413259779E-01 a      1134     1    11     2     9
  3.7645011572079376E-03 a      1135     1    11     2    10
  3.8544245460009713E-01 a      1136     1    11     2    11
  4.4927255231014324E-01 a      1137     1    11     2    12
 -8.8684403607154050E-01 a      1138     1    11     2    13
 -8.9832599412844139E-01 a      1139     1    11     2    14
  2.4159581646392497E-01 a      1140     1    11     2    15
 -7.7760628642369978E-01 a      1141     1    12     2     1
  1.0505286545507482E+00 a      1142     1    12     2     2
  1.5497918911280022E+00 a      1143     1    12     2     3
  1.8708307763142656E-01 a      1144     1    12     2     4
  4.7876045475929652E-01 a      1145     1    12     2     5
 -5.1704552290703809E-01 a      1146     1    12     2     6
 -5.6520652231091972E-01 a      1147     1    12     2     7
 -5.4611369656460233E-02 a      1148     1    12     2     8
  5.9654291001162141E-01 a      1149     1    12     2     9
 -6.6110698349903130E-01 a      1150     1    12     2    10
 -8.1131642895269052E-01 a      1151     1    12     2    11
  6.0361991555503147E-01 a      1152     1    12     2    12
  8.4749088541361584E-01 a      1153     1    12     2    13
 -2.4324548724699042E+00 a      1154     1    12     2    14
 -3.9214610003957562E-01 a      1155     1    12     2    15
  2.7077670856175801E-01 a      1156     1    13     2     1
 -6.0687575564035734E-01 a      1157     1    13     2     2
  1.4869304805085748E+00 a      1158     1    13     2     3
  4.1028759909751156E-01 a      1159     1    13     2     4
  3.0639336407583934E-01 a      1160     1    13     2     5
 -3.5975761375885806E-01 a      1161     1    13     2     6
  7.6604053641237679E-01 a      1162     1    13     2     7
  6.6306648088112013E-02 a      1163     1    13     2     8
 -3.3650657897478631E-01 a      1164     1    13     2     9
  2.2474764790717305E-01 a      1165     1    13     2    10
  1.5965116189562481E-01 a      1166     1    13     2    11
 -1.3818725398894904E-01 a      1167     1    13     2    12
 -1.8580772860108236E-01 a      1168     1    13     2    13
 -9.5852569741821847E-01 a      1169     1    13     2    14
  7.8013774310644213E-01 a      1170     1    13     2    15
 -9.0658943332236885E-01 a      1171     1    14     2     1
  1.9410979890675453E-01 a      1172     1    14     2     2
 -9.7572081803706703E-02 a      1173     1    14     2     3
  2.3248950485568307E+00 a      1174     1    14     2     4
  9.4185964367954156E-01 a      1175     1    14     2     5
 -6.5861737520114441E-02 a      1176     1    14     2     6
 -5.5544936833675410E-02 a      1177     1    14     2     7
  9.2142027313246899E-01 a      1178     1    14     2     8
 -1.8753402247847825E-01 a      1179     1    14     2     9
 -1.3411578671437654E-01 a      1180     1    14     2    10
  4.4704353173317429E-01 a      1181     1    14     2    11
  9.7300453588800417E-01 a      1182     1    14     2    12
 -2.5995184776351966E-02 a      1183     1    14     2    13
  5.0766068047362811E-01 a      1184     1    14     2    14
  3.9505965284400529E-01 a      1185     1    14     2    15
 -3.5502546217982722E+00 a      1186     1    15     2     1
  6.4838885111739686E-01 a      1187     1    15     2     2
  6.6902467505660057E-01 a      1188     1    15     2     3
 -1.0459909133029230E+00 a      1189     1    15     2     4
  9.9064656982161015E-01 a      1190     1    15     2     5
 -1.2145607895038402E+00 a      1191     1    15     2     6
  5.0247351087861514E-01 a      1192     1    15     2     7
 -8.4078849553332058E-01 a      1193     1    15     2     8
  1.7207748816946415E+00 a      1194     1    15     2     9
 -2.6365880512661377E-01 a      1195     1    15     2    10
 -1.0777742383675296E-01 a      1196     1    15     2    11
  1.7554987683192183E+00 a      1197     1    15     2    12
 -1.2659962307568584E+00 a      1198     1    15     2    13
 -1.1125103798087346E+00 a      1199     1    15     2    14
  5.3690757718181592E-01 a      1200     1    15     2    15
  1.1917458448341218E+00 b      1201     2     1
  2.4798764910718066E-01 b      1202     2     2
  5.1876114212322980E-02 b      1203     2     3
  9.1458045152071232E-01 b      1204     2     4
 -1.2848452431400431E-01 b      1205     2     5
  1.1886531173097885E+00 b      1206     2     6
 -9.5580965133450629E-02 b      1207     2     7
 -4.1807378593410494E-01 b      1208     2     8
 -3.5868676386654708E-01 b      1209     2     9
  2.7850311348166990E-01 b      1210     2    10
 -3.1689941006992239E-01 b      1211     2    11
 -1.0648273105721737E+00 b      1212     2    12
  1.1827610006767997E+00 b      1213     2    13
 -2.8146764537924451E-01 b      1214     2    14
 -7.2087528438136050E-01 b      1215     2    15
  1.9341716027026298E-01 a      1216     2     1     3     1
  1.8033782747776980E-01 a      1217     2     2     3     1
  1.0024042467484194E-01 a      1218     2     3     3     1
 -3.1882065832806039E-01 a      1219     2     4     3     1
  7.7633064161931331E-02 a      1220     2     5     3     1
  6.0193732242619757E-01 a      1221     2     6     3     1
 -7.9403087532093097E-01 a      1222     2     7     3     1
 -2.1706929328132632E-01 a      1223     2     8     3     1
 -3.6183200558001910E-01 a      1224     2     9     3     1
 -2.3590178650322427E-01 a      1225     2    10     3     1
 -4.7198608963281813E-01 a      1226     2    11     3     1
  7.2098033847658105E-01 a      1227     2    12     3     1
 -1.6906517873830651E-01 a      1228     2    13     3     1
  9.1561003742019653E-01 a      1229     2    14     3     1
  1.2490585500309854E+00 a      1230     2    15     3     1
 -2.6820256286294158E-01 b      1231     3     1
