################################################################################
# Neural network connection values (weights and biases).
################################################################################
# Col  Name       Description
################################################################################
# 1    connection Neural network connection value.
# 2    t          Connection type (a = weight, b = bias).
# 3    index      Index enumerating weights.
# 4    l_s        Starting point layer (end point layer for biases).
# 5    n_s        Starting point neuron in starting layer (end point neuron for biases).
# 6    l_e        End point layer.
# 7    n_e        End point neuron in end layer.
################################################################################
#                      1 2         3     4     5     6     7
#             connection t     index   l_s   n_s   l_e   n_e
############################################################
  2.4992134898835308E-01 a         1     0     1     1     1
 -8.8836014684391285E-01 a         2     0     1     1     2
 -1.3848238463351648E+00 a         3     0     1     1     3
  5.6071629616723195E-01 a         4     0     1     1     4
  1.1866955556848646E+00 a         5     0     1     1     5
  1.5089590791252080E-01 a         6     0     1     1     6
  1.5794527862122774E+00 a         7     0     1     1     7
  1.4683991028383545E-01 a         8     0     1     1     8
 -4.0589470066018601E-01 a         9     0     1     1     9
  6.5249907893053938E-01 a        10     0     1     1    10
 -1.6048836234228972E-01 a        11     0     1     1    11
  9.7156920806819147E-01 a        12     0     1     1    12
  1.6381497852044000E-01 a        13     0     1     1    13
 -6.0041547191605671E-01 a        14     0     1     1    14
 -4.0239907881195643E-02 a        15     0     1     1    15
  4.4146582102954646E-01 a        16     0     2     1     1
 -1.2001168004090703E+00 a        17     0     2     1     2
 -9.9571102337782880E-02 a        18     0     2     1     3
  2.7322480269905486E-01 a        19     0     2     1     4
  1.8320194869824709E+00 a        20     0     2     1     5
 -9.5748359484618384E-01 a        21     0     2     1     6
  5.1744475872201634E-01 a        22     0     2     1     7
  7.6645123076322408E-01 a        23     0     2     1     8
  5.3207838624139103E-01 a        24     0     2     1     9
 -2.8954563673284406E-01 a        25     0     2     1    10
 -2.1595437524817929E-01 a        26     0     2     1    11
  1.5439443369680235E+00 a        27     0     2     1    12
 -8.2900746454144258E-01 a        28     0     2     1    13
  1.3966584785295927E-01 a        29     0     2     1    14
 -2.0086362550550926E-01 a        30     0     2     1    15
 -2.3989558893088830E-01 a        31     0     3     1     1
  9.4054381617824678E-01 a        32     0     3     1     2
 -6.7626913710578251E-01 a        33     0     3     1     3
  1.6289307857387608E-01 a        34     0     3     1     4
 -1.4044078873282221E-03 a        35     0     3     1     5
 -2.9549296165971567E-01 a        36     0     3     1     6
 -2.6433782301568520E-01 a        37     0     3     1     7
 -1.1352849035798254E-01 a        38     0     3     1     8
  5.0497681322550059E-01 a        39     0     3     1     9
 -8.0392336956711530E-01 a        40     0     3     1    10
  2.0335918540301087E-01 a        41     0     3     1    11
 -6.7133247134094731E-01 a        42     0     3     1    12
  9.0000866914482378E-02 a        43     0     3     1    13
 -3.6802202482148227E-01 a        44     0     3     1    14
 -6.9163504652156460E-01 a        45     0     3     1    15
  1.3571036552977407E+00 a        46     0     4     1     1
 -1.0045770723048411E+00 a        47     0     4     1     2
  1.0313886170499775E+00 a        48     0     4     1     3
  1.6879158766307797E-01 a        49     0     4     1     4
  1.8156766295086693E+00 a        50     0     4     1     5
 -5.4222153630638514E-01 a        51     0     4     1     6
  3.5571120222686881E-01 a        52     0     4     1     7
 -2.7654944902590101E-01 a        53     0     4     1     8
  7.0249271043124439E-01 a        54     0     4     1     9
 -1.1164994288751122E+00 a        55     0     4     1    10
 -1.5522756171957868E-02 a        56     0     4     1    11
  6.2272526363882785E-01 a        57     0     4     1    12
 -4.4137659946357816E-01 a        58     0     4     1    13
  4.5583762880882239E-01 a        59     0     4     1    14
 -2.6279491418979328E-01 a        60     0     4     1    15
  2.2983546493765228E-01 a        61     0     5     1     1
  1.6476822553794215E-01 a        62     0     5     1     2
 -1.8425353015060333E-01 a        63     0     5     1     3
 -1.1156665298135229E+00 a        64     0     5     1     4
 -8.7374317490522246E-01 a        65     0     5     1     5
  8.9900295276958742E-01 a        66     0     5     1     6
 -4.6683482770028684E-01 a        67     0     5     1     7
 -5.3379860515644417E-01 a        68     0     5     1     8
  4.5642470840054394E-01 a        69     0     5     1     9
 -2.7943055114795001E-01 a        70     0     5     1    10
  1.4594693960169106E-01 a        71     0     5     1    11
  1.2991819025674525E-01 a        72     0     5     1    12
  5.1397183067687624E-01 a        73     0     5     1    13
 -2.0705239192820232E-01 a        74     0     5     1    14
  9.4211740640597289E-03 a        75     0     5     1    15
  9.0582709086588387E-01 a        76     0     6     1     1
 -6.0999034349003023E-01 a        77     0     6     1     2
  1.0585752584194343E+00 a        78     0     6     1     3
  2.5115908700423316E-02 a        79     0     6     1     4
  1.0922991937851938E+00 a        80     0     6     1     5
  8.6339352690259330E-01 a        81     0     6     1     6
 -3.2984788506209783E-01 a        82     0     6     1     7
  2.7385025655485234E-01 a        83     0     6     1     8
  7.5166629858939138E-01 a        84     0     6     1     9
  5.4310332799522698E-01 a        85     0     6     1    10
  2.6702201443767704E-01 a        86     0     6     1    11
 -4.3195119998350609E-03 a        87     0     6     1    12
 -3.8280911911464305E-01 a        88     0     6     1    13
 -4.0937696819024211E-01 a        89     0     6     1    14
  9.1038957636508167E-01 a        90     0     6     1    15
 -5.6892277396461555E-01 a        91     0     7     1     1
 -4.6584332529176153E-01 a        92     0     7     1     2
  7.8030013907200013E-01 a        93     0     7     1     3
  5.7923322153957491E-01 a        94     0     7     1     4
 -5.1414274628265888E-01 a        95     0     7     1     5
 -9.7077730283379504E-01 a        96     0     7     1     6
 -1.0392024360259475E+00 a        97     0     7     1     7
  6.8138696364542894E-01 a        98     0     7     1     8
  1.7802075830630662E-01 a        99     0     7     1     9
 -1.6993488893179738E+00 a       100     0     7     1    10
 -4.0281841677862990E-01 a       101     0     7     1    11
 -1.6735754640613401E-01 a       102     0     7     1    12
 -9.7743594021441205E-01 a       103     0     7     1    13
  1.2825647614469748E-01 a       104     0     7     1    14
  1.1558017448070106E+00 a       105     0     7     1    15
 -2.8262770164298351E-01 a       106     0     8     1     1
  9.6763801497852231E-01 a       107     0     8     1     2
  2.1373201939448053E-01 a       108     0     8     1     3
 -7.0362072109686968E-01 a       109     0     8     1     4
 -4.3302584413368916E-01 a       110     0     8     1     5
 -3.6642733245116160E-01 a       111     0     8     1     6
 -2.1038867754172519E-01 a       112     0     8     1     7
  3.4656978681975442E-01 a       113     0     8     1     8
  9.6810766849953678E-01 a       114     0     8     1     9
 -3.9416155713841827E-01 a       115     0     8     1    10
  3.1778271025875776E-01 a       116     0     8     1    11
  4.2024643785101490E-01 a       117     0     8     1    12
  5.5589952732883363E-01 a       118     0     8     1    13
  1.6633932899637530E-01 a       119     0     8     1    14
  1.2305521125127408E+00 a       120     0     8     1    15
  1.2203431176060817E+00 a       121     0     9     1     1
 -3.9787639739627106E-01 a       122     0     9     1     2
  1.4007162971510816E+00 a       123     0     9     1     3
 -5.8139278083577528E-01 a       124     0     9     1     4
  1.5596103335951276E-02 a       125     0     9     1     5
  4.2116193969076215E-01 a       126     0     9     1     6
 -1.3670497967572468E+00 a       127     0     9     1     7
 -4.6861566286068551E-02 a       128     0     9     1     8
 -4.2015148525367102E-01 a       129     0     9     1     9
  5.6950844001128964E-01 a       130     0     9     1    10
  1.0922079383042964E+00 a       131     0     9     1    11
 -5.6467458418098326E-01 a       132     0     9     1    12
 -1.3728071857531556E+00 a       133     0     9     1    13
  7.3620129932181833E-01 a       134     0     9     1    14
 -4.3985469401533533E-01 a       135     0     9     1    15
 -4.4370758394193738E-01 a       136     0    10     1     1
  7.5916341190699266E-01 a       137     0    10     1     2
  1.0272548660902063E+00 a       138     0    10     1     3
  7.7589411562907884E-01 a       139     0    10     1     4
 -1.2742858523484768E+00 a       140     0    10     1     5
  3.9565278393505522E-02 a       141     0    10     1     6
 -7.7719950575035668E-01 a       142     0    10     1     7
 -1.2287382836970509E-01 a       143     0    10     1     8
 -5.0031275832134980E-01 a       144     0    10     1     9
 -4.3691033897940706E-01 a       145     0    10     1    10
  8.1237708680048082E-01 a       146     0    10     1    11
 -8.8025514717980557E-01 a       147     0    10     1    12
  1.5870422257480910E+00 a       148     0    10     1    13
  1.1395136458249864E+00 a       149     0    10     1    14
  6.0636512999998049E-01 a       150     0    10     1    15
 -1.0629051096118498E+00 a       151     0    11     1     1
  4.1235138621012613E-01 a       152     0    11     1     2
 -2.1750324516518640E-01 a       153     0    11     1     3
 -5.7983226411679667E-01 a       154     0    11     1     4
 -1.1877053916751288E+00 a       155     0    11     1     5
 -1.4334410198077412E+00 a       156     0    11     1     6
  1.5235561839099718E+00 a       157     0    11     1     7
 -1.4664368951346411E+00 a       158     0    11     1     8
 -4.5103008419109530E-01 a       159     0    11     1     9
  6.0820203462001532E-01 a       160     0    11     1    10
 -4.0039203204538559E-01 a       161     0    11     1    11
  3.2086992457720825E-01 a       162     0    11     1    12
  4.8071948047195151E-01 a       163     0    11     1    13
 -9.3340065201055131E-02 a       164     0    11     1    14
 -4.5316352073052529E-01 a       165     0    11     1    15
 -3.6832132056585237E-01 a       166     0    12     1     1
  6.1075930222898644E-01 a       167     0    12     1     2
  1.0050006873883730E+00 a       168     0    12     1     3
  7.2816463513372828E-02 a       169     0    12     1     4
 -9.0506105206667509E-01 a       170     0    12     1     5
  1.4657492260680427E+00 a       171     0    12     1     6
  4.4274404112279442E-01 a       172     0    12     1     7
  1.3988905848402289E-01 a       173     0    12     1     8
  7.7390866842576433E-01 a       174     0    12     1     9
  1.6245689495529420E-01 a       175     0    12     1    10
  2.6873081824998679E-01 a       176     0    12     1    11
 -7.4578300578932488E-01 a       177     0    12     1    12
 -2.1532302023326047E-01 a       178     0    12     1    13
  5.0698489521467338E-01 a       179     0    12     1    14
  4.3515552220963399E-02 a       180     0    12     1    15
  2.0313758809591390E-01 a       181     0    13     1     1
  5.9882656326348038E-01 a       182     0    13     1     2
  3.0378271411189434E-01 a       183     0    13     1     3
  1.0392523410211409E+00 a       184     0    13     1     4
  5.4501903715861977E-01 a       185     0    13     1     5
 -1.9078022560890576E-01 a       186     0    13     1     6
  1.5892344208127500E+00 a       187     0    13     1     7
  2.0585586831139677E+00 a       188     0    13     1     8
  7.5351594954694900E-01 a       189     0    13     1     9
  3.6712902545631787E-01 a       190     0    13     1    10
 -1.8567079958241237E-01 a       191     0    13     1    11
 -1.3628958957370438E+00 a       192     0    13     1    12
 -6.9172160863216470E-01 a       193     0    13     1    13
 -1.6915679501376437E+00 a       194     0    13     1    14
  1.4907033936425955E+00 a       195     0    13     1    15
  9.6364844350310030E-01 a       196     0    14     1     1
 -1.3188556057483374E+00 a       197     0    14     1     2
  4.0136943295585920E-01 a       198     0    14     1     3
  3.9828323957483058E-01 a       199     0    14     1     4
  1.1331287797385567E+00 a       200     0    14     1     5
 -1.0785717948132090E+00 a       201     0    14     1     6
  1.3679608327446555E+00 a       202     0    14     1     7
 -5.2571272315495639E-02 a       203     0    14     1     8
 -3.7215947883248879E-01 a       204     0    14     1     9
 -1.0233357742796161E-01 a       205     0    14     1    10
 -2.7496486715513113E-01 a       206     0    14     1    11
  5.2404550449572163E-01 a       207     0    14     1    12
 -7.1688714517892749E-01 a       208     0    14     1    13
  6.8168147441078197E-01 a       209     0    14     1    14
 -4.2419428921656654E-01 a       210     0    14     1    15
 -1.9579662482483903E-01 a       211     0    15     1     1
 -6.4238164756371863E-01 a       212     0    15     1     2
  4.7514226146793875E-01 a       213     0    15     1     3
  5.1295925276278541E-02 a       214     0    15     1     4
  9.1599323756981016E-02 a       215     0    15     1     5
  1.1531762449116272E+00 a       216     0    15     1     6
 -1.7792500388162552E-01 a       217     0    15     1     7
 -1.0594614382931007E+00 a       218     0    15     1     8
 -1.4789447907965254E+00 a       219     0    15     1     9
 -1.2497681008170923E-01 a       220     0    15     1    10
 -1.7008705676968883E-01 a       221     0    15     1    11
  1.8346329552868237E+00 a       222     0    15     1    12
  3.3931727780199022E-01 a       223     0    15     1    13
  2.8307245175402675E+00 a       224     0    15     1    14
 -1.1474047513897501E+00 a       225     0    15     1    15
 -2.9943774416683383E-01 a       226     0    16     1     1
  5.8011102464084460E-02 a       227     0    16     1     2
  3.9737576182613610E-03 a       228     0    16     1     3
 -1.7194229972400987E-01 a       229     0    16     1     4
 -4.0018950265397940E-01 a       230     0    16     1     5
  3.0158207505879231E-01 a       231     0    16     1     6
 -3.9456266798764661E-01 a       232     0    16     1     7
  2.1870618117448337E-01 a       233     0    16     1     8
 -3.1564873085657874E-01 a       234     0    16     1     9
  5.3008313373232230E-01 a       235     0    16     1    10
 -3.1717550096660108E-01 a       236     0    16     1    11
  5.1238362462859388E-01 a       237     0    16     1    12
  2.4160233685938629E-01 a       238     0    16     1    13
  3.2498548763002910E-01 a       239     0    16     1    14
  6.1377490276870184E-01 a       240     0    16     1    15
  5.2608858255683544E-01 a       241     0    17     1     1
 -3.8614010129400711E-01 a       242     0    17     1     2
 -4.8197160006826667E-01 a       243     0    17     1     3
 -5.9328613189604629E-01 a       244     0    17     1     4
  2.5938241850602722E-01 a       245     0    17     1     5
  1.3157400956464699E-01 a       246     0    17     1     6
 -1.3017579939196771E+00 a       247     0    17     1     7
  6.6880862216297854E-01 a       248     0    17     1     8
 -9.1368242320944004E-01 a       249     0    17     1     9
  4.0549792443880289E-01 a       250     0    17     1    10
  1.1638947199025546E-01 a       251     0    17     1    11
  2.8776227435969776E-01 a       252     0    17     1    12
 -3.1899246278877830E-01 a       253     0    17     1    13
  2.7786035315262497E-01 a       254     0    17     1    14
  9.7057446459017205E-01 a       255     0    17     1    15
 -9.9038589207634531E-02 a       256     0    18     1     1
 -1.9370162347994152E-01 a       257     0    18     1     2
  6.8940215867875154E-01 a       258     0    18     1     3
 -9.9025219676789362E-03 a       259     0    18     1     4
 -1.9610168974466360E-01 a       260     0    18     1     5
 -1.1203912140296080E+00 a       261     0    18     1     6
 -3.7235445143824986E-01 a       262     0    18     1     7
  9.2269953550523989E-03 a       263     0    18     1     8
 -6.5645368461872566E-01 a       264     0    18     1     9
  4.1698039381996371E-01 a       265     0    18     1    10
 -6.3885158774757866E-02 a       266     0    18     1    11
 -1.4390840223947685E-01 a       267     0    18     1    12
  6.9611462869104046E-01 a       268     0    18     1    13
 -3.3274777843435366E-01 a       269     0    18     1    14
 -7.2275279753937871E-01 a       270     0    18     1    15
 -1.0978813448374343E+00 a       271     0    19     1     1
 -1.0178085348353565E+00 a       272     0    19     1     2
 -1.3141528748336379E-01 a       273     0    19     1     3
  7.2533325694588230E-02 a       274     0    19     1     4
 -4.3524542667320848E-01 a       275     0    19     1     5
 -3.0458775256069809E-01 a       276     0    19     1     6
  3.6199161057226037E-01 a       277     0    19     1     7
 -1.6207672857010622E+00 a       278     0    19     1     8
 -9.7676380753606529E-01 a       279     0    19     1     9
 -3.0110236691759273E-01 a       280     0    19     1    10
  2.1679744663807263E-01 a       281     0    19     1    11
 -1.3658190655007249E-01 a       282     0    19     1    12
  1.4330776196543320E+00 a       283     0    19     1    13
  8.6133004049396489E-01 a       284     0    19     1    14
 -6.4979737518626013E-01 a       285     0    19     1    15
  6.3923171253087341E-01 a       286     0    20     1     1
 -2.1722321964214816E-01 a       287     0    20     1     2
  7.5875877522409518E-01 a       288     0    20     1     3
 -4.7147947584957384E-01 a       289     0    20     1     4
 -1.5244251881169857E+00 a       290     0    20     1     5
 -9.3997584493909006E-02 a       291     0    20     1     6
  4.4582359186096415E-01 a       292     0    20     1     7
 -6.9156349900402070E-01 a       293     0    20     1     8
  1.7387452583603225E-01 a       294     0    20     1     9
  5.2232736138709590E-01 a       295     0    20     1    10
  6.4280714416421847E-01 a       296     0    20     1    11
 -4.1348567456236734E-01 a       297     0    20     1    12
  1.1577659970795846E+00 a       298     0    20     1    13
  7.8998519800800315E-01 a       299     0    20     1    14
 -1.4117911433312973E+00 a       300     0    20     1    15
  6.8581297041596490E-02 a       301     0    21     1     1
  4.3781712970170567E-01 a       302     0    21     1     2
 -1.5075432621494630E-01 a       303     0    21     1     3
 -1.7073033615823555E-01 a       304     0    21     1     4
  8.1428666443110465E-01 a       305     0    21     1     5
  9.3058795535251232E-02 a       306     0    21     1     6
  3.5613867744916294E-01 a       307     0    21     1     7
  2.6121388756385694E-01 a       308     0    21     1     8
 -3.9487340242029167E-01 a       309     0    21     1     9
  5.5760027316276783E-01 a       310     0    21     1    10
 -2.2445761829108518E-01 a       311     0    21     1    11
  7.2127853734009217E-01 a       312     0    21     1    12
  6.0351723230279264E-01 a       313     0    21     1    13
 -1.0166578835557143E+00 a       314     0    21     1    14
  1.1029030228061183E+00 a       315     0    21     1    15
 -7.1160395397677356E-01 a       316     0    22     1     1
  2.4013485112602059E-01 a       317     0    22     1     2
 -1.2030295647693094E-01 a       318     0    22     1     3
 -2.5495352935861981E-01 a       319     0    22     1     4
  2.3182488762160355E-01 a       320     0    22     1     5
 -1.0903043720769698E+00 a       321     0    22     1     6
  8.3991053774724533E-01 a       322     0    22     1     7
 -8.3165113374104638E-01 a       323     0    22     1     8
  6.8337048820073443E-01 a       324     0    22     1     9
 -4.7958981961712438E-01 a       325     0    22     1    10
  1.0955793172092820E-01 a       326     0    22     1    11
  1.3735594112450972E-01 a       327     0    22     1    12
 -7.7951485061675774E-01 a       328     0    22     1    13
 -4.4186876871361197E-01 a       329     0    22     1    14
 -6.3718774753548890E-01 a       330     0    22     1    15
  2.9477764208908813E-01 a       331     0    23     1     1
 -5.2862785083499986E-01 a       332     0    23     1     2
 -2.7369587433513132E-01 a       333     0    23     1     3
  4.7561366673325745E-01 a       334     0    23     1     4
  5.9241347051097970E-01 a       335     0    23     1     5
  7.3722714510824872E-01 a       336     0    23     1     6
  1.4294545661466823E-01 a       337     0    23     1     7
  9.5659077734534859E-02 a       338     0    23     1     8
 -1.7213938794754310E-01 a       339     0    23     1     9
 -2.5376587968545034E-01 a       340     0    23     1    10
 -6.8385254698238129E-01 a       341     0    23     1    11
 -5.8287590547461654E-01 a       342     0    23     1    12
 -9.0374170244092777E-02 a       343     0    23     1    13
  6.6241377910072607E-01 a       344     0    23     1    14
  2.8563603918497521E-01 a       345     0    23     1    15
 -1.5319429548769375E-01 a       346     0    24     1     1
 -4.0829555343647038E-02 a       347     0    24     1     2
 -9.3498915894166035E-01 a       348     0    24     1     3
 -1.7163225462111351E-01 a       349     0    24     1     4
  1.5354487975554895E-01 a       350     0    24     1     5
 -8.4364665962299606E-02 a       351     0    24     1     6
  1.2191321114836098E+00 a       352     0    24     1     7
 -8.0642576550500378E-01 a       353     0    24     1     8
 -2.9417396618691710E-01 a       354     0    24     1     9
  7.2797745742799874E-02 a       355     0    24     1    10
 -5.8006421721335993E-02 a       356     0    24     1    11
 -3.3387281738341834E-01 a       357     0    24     1    12
 -4.1770689786412074E-01 a       358     0    24     1    13
  5.9228584796251937E-01 a       359     0    24     1    14
  5.9940326707878910E-01 a       360     0    24     1    15
  2.7356856184764683E-01 a       361     0    25     1     1
  3.2148641098013866E-02 a       362     0    25     1     2
 -1.9248100958147007E-01 a       363     0    25     1     3
  7.4980988365688062E-01 a       364     0    25     1     4
 -1.1658198327189835E+00 a       365     0    25     1     5
  1.1397078263592701E-01 a       366     0    25     1     6
 -1.2053965623429370E+00 a       367     0    25     1     7
  6.2466201871514171E-01 a       368     0    25     1     8
 -5.5804087476463726E-01 a       369     0    25     1     9
 -9.5764467954402310E-01 a       370     0    25     1    10
 -1.2217248784585135E-02 a       371     0    25     1    11
 -1.4788693706419907E-02 a       372     0    25     1    12
  1.6660745314749559E-01 a       373     0    25     1    13
  3.7577444215376327E-01 a       374     0    25     1    14
  5.1654865562036678E-01 a       375     0    25     1    15
 -4.7651405529675067E-01 a       376     0    26     1     1
 -2.3060615016716327E-01 a       377     0    26     1     2
 -7.6990497463006624E-01 a       378     0    26     1     3
  4.8985777380539985E-01 a       379     0    26     1     4
  3.0014070018358224E-01 a       380     0    26     1     5
  1.1692592373180324E+00 a       381     0    26     1     6
  1.6649303571540761E+00 a       382     0    26     1     7
  2.5265644495268014E-01 a       383     0    26     1     8
  2.5510691512677230E-01 a       384     0    26     1     9
  1.3258204297195757E+00 a       385     0    26     1    10
  6.0973745659416607E-02 a       386     0    26     1    11
  1.0848020708288064E-01 a       387     0    26     1    12
  1.7198796410999501E-01 a       388     0    26     1    13
 -3.8893014182230090E-01 a       389     0    26     1    14
 -1.3210510206409953E-01 a       390     0    26     1    15
 -1.0749241053086057E-01 a       391     0    27     1     1
 -1.2215792512166157E-01 a       392     0    27     1     2
  1.1587642938969371E-01 a       393     0    27     1     3
 -3.2292103753176032E-01 a       394     0    27     1     4
 -2.8857906306331382E-01 a       395     0    27     1     5
  5.2950941912932870E-01 a       396     0    27     1     6
 -5.8844159759518777E-01 a       397     0    27     1     7
 -7.8061888531155599E-01 a       398     0    27     1     8
 -3.4144908483118144E-02 a       399     0    27     1     9
 -8.0078224493605341E-02 a       400     0    27     1    10
  2.8830873010016272E-01 a       401     0    27     1    11
 -4.3752042231771662E-02 a       402     0    27     1    12
 -1.7121146574372654E-02 a       403     0    27     1    13
  1.9664740968821512E-01 a       404     0    27     1    14
 -2.0567311516891859E-01 a       405     0    27     1    15
 -6.4896074633026246E-01 a       406     0    28     1     1
 -1.1259488640246036E+00 a       407     0    28     1     2
  6.8981405238729643E-01 a       408     0    28     1     3
 -1.4420030144205664E-01 a       409     0    28     1     4
  8.7073734267940212E-02 a       410     0    28     1     5
  6.9567790774023475E-01 a       411     0    28     1     6
  7.1458794904195200E-01 a       412     0    28     1     7
 -5.9445452012339606E-01 a       413     0    28     1     8
 -5.5408148364311383E-01 a       414     0    28     1     9
 -5.5634113028361049E-02 a       415     0    28     1    10
  1.5307637418132183E-01 a       416     0    28     1    11
 -1.0444705362403219E+00 a       417     0    28     1    12
  2.8288798893485340E-01 a       418     0    28     1    13
  1.9246839322428369E-01 a       419     0    28     1    14
  9.4036453503548792E-02 a       420     0    28     1    15
 -1.0410900106715892E+00 a       421     0    29     1     1
  8.8017694445917050E-01 a       422     0    29     1     2
  7.4038216814931523E-01 a       423     0    29     1     3
  7.9699798219050255E-01 a       424     0    29     1     4
 -3.1085402013928576E-01 a       425     0    29     1     5
 -1.5213476850827721E+00 a       426     0    29     1     6
 -5.4852995820065364E-01 a       427     0    29     1     7
  2.0189159909926452E-01 a       428     0    29     1     8
  1.6849951517657296E+00 a       429     0    29     1     9
  2.1989490658267336E-01 a       430     0    29     1    10
 -4.5334871396604727E-02 a       431     0    29     1    11
  2.1764498530916929E-01 a       432     0    29     1    12
 -2.6022961690827962E-01 a       433     0    29     1    13
 -5.7253617400528733E-01 a       434     0    29     1    14
  3.2247826049157924E-01 a       435     0    29     1    15
  1.3418390291113985E-01 a       436     0    30     1     1
  1.8521136489492160E-01 a       437     0    30     1     2
  6.7648785950094925E-01 a       438     0    30     1     3
  2.1312861053684601E-01 a       439     0    30     1     4
 -4.5330161708476463E-01 a       440     0    30     1     5
  1.0948129727522339E-01 a       441     0    30     1     6
 -1.5961430870559082E-01 a       442     0    30     1     7
  8.9427362129687926E-01 a       443     0    30     1     8
  5.0635669439855391E-01 a       444     0    30     1     9
 -4.1341498521008124E-01 a       445     0    30     1    10
  9.6573010149825118E-03 a       446     0    30     1    11
 -1.5949979657861774E-01 a       447     0    30     1    12
 -7.6811696136530594E-01 a       448     0    30     1    13
  1.3047754737327173E+00 a       449     0    30     1    14
  7.8476754913940727E-01 a       450     0    30     1    15
 -2.4935966729214340E-01 a       451     0    31     1     1
  6.1355035854431472E-01 a       452     0    31     1     2
 -1.2653237731867081E-01 a       453     0    31     1     3
 -7.0174494702429757E-01 a       454     0    31     1     4
  3.7147178373233047E-01 a       455     0    31     1     5
  1.2502533824801729E-01 a       456     0    31     1     6
 -9.6139892471908028E-01 a       457     0    31     1     7
 -8.9338643560806941E-01 a       458     0    31     1     8
 -4.4768441450485696E-01 a       459     0    31     1     9
  2.1509261101121216E-01 a       460     0    31     1    10
 -4.6699408926713060E-01 a       461     0    31     1    11
  9.7124581372772689E-02 a       462     0    31     1    12
  1.3672600153868539E+00 a       463     0    31     1    13
  4.0756741033478344E-01 a       464     0    31     1    14
  1.1578064340272920E-01 a       465     0    31     1    15
 -2.6191681927875098E-02 a       466     0    32     1     1
  5.4456816080721748E-01 a       467     0    32     1     2
  6.3910505079360802E-02 a       468     0    32     1     3
 -5.8031671503136775E-02 a       469     0    32     1     4
  1.1823028244822069E+00 a       470     0    32     1     5
  3.1299913845144917E-01 a       471     0    32     1     6
  1.5086088343556501E+00 a       472     0    32     1     7
  7.3109734257251002E-01 a       473     0    32     1     8
 -5.4935557922453526E-01 a       474     0    32     1     9
 -5.9220523403388214E-01 a       475     0    32     1    10
 -5.9561894950268268E-01 a       476     0    32     1    11
  3.2811306704599735E-01 a       477     0    32     1    12
  1.3272463251656236E-01 a       478     0    32     1    13
  2.7563181964034589E-01 a       479     0    32     1    14
 -2.1507046021036696E-01 a       480     0    32     1    15
 -2.4338597976846202E-01 a       481     0    33     1     1
 -5.2643435218994794E-01 a       482     0    33     1     2
 -6.3748409421454891E-02 a       483     0    33     1     3
  3.6411102759209546E-01 a       484     0    33     1     4
 -8.5182462798405301E-01 a       485     0    33     1     5
 -2.2556832411470923E-01 a       486     0    33     1     6
  8.5168411783731068E-01 a       487     0    33     1     7
  1.5613837402312131E-01 a       488     0    33     1     8
  6.4683690302666741E-01 a       489     0    33     1     9
  3.1525835430670029E-01 a       490     0    33     1    10
  1.9624851964770748E-01 a       491     0    33     1    11
 -6.6223576675459905E-01 a       492     0    33     1    12
 -9.8995135624970615E-02 a       493     0    33     1    13
 -5.5522253867194926E-01 a       494     0    33     1    14
 -8.8440663447427093E-01 a       495     0    33     1    15
  7.7109963150142413E-01 a       496     0    34     1     1
  1.7375253007190163E+00 a       497     0    34     1     2
 -5.9201023849065804E-01 a       498     0    34     1     3
  1.2032897505373087E-01 a       499     0    34     1     4
 -7.3440985239912826E-02 a       500     0    34     1     5
  4.0643379951032277E-01 a       501     0    34     1     6
 -1.1738240062219909E-02 a       502     0    34     1     7
  1.8239804745401819E-01 a       503     0    34     1     8
  6.4596196017353380E-01 a       504     0    34     1     9
  1.2730314580295659E+00 a       505     0    34     1    10
 -9.3306893903107410E-02 a       506     0    34     1    11
  2.4877136281577453E-01 a       507     0    34     1    12
 -1.7916978967481489E-01 a       508     0    34     1    13
  5.1868701501125747E-01 a       509     0    34     1    14
  3.1998870925506179E-01 a       510     0    34     1    15
 -4.7717942033715760E-01 a       511     0    35     1     1
  6.7198647761922703E-01 a       512     0    35     1     2
  7.5874421101823486E-01 a       513     0    35     1     3
 -3.7241768293081517E-01 a       514     0    35     1     4
 -6.0546220968747899E-01 a       515     0    35     1     5
 -2.1203887695239237E-01 a       516     0    35     1     6
  7.5968187972082291E-01 a       517     0    35     1     7
 -2.0024264357980212E-01 a       518     0    35     1     8
  4.3005354105619030E-02 a       519     0    35     1     9
 -2.6350518211605289E-01 a       520     0    35     1    10
  7.4064582391249301E-01 a       521     0    35     1    11
  5.4798268511444559E-01 a       522     0    35     1    12
 -2.9081494703045069E-01 a       523     0    35     1    13
 -6.1203979260040309E-01 a       524     0    35     1    14
 -1.7555460098345715E-01 a       525     0    35     1    15
 -6.6445661221517403E-03 a       526     0    36     1     1
  5.6735850938183918E-01 a       527     0    36     1     2
  7.9587166051475325E-02 a       528     0    36     1     3
  4.6495338239606371E-01 a       529     0    36     1     4
 -1.9891830395702312E-01 a       530     0    36     1     5
 -2.4802780408187480E-01 a       531     0    36     1     6
 -6.2072391461907028E-01 a       532     0    36     1     7
  1.0468907989552296E+00 a       533     0    36     1     8
  4.2165808740927874E-01 a       534     0    36     1     9
 -7.5832231759626598E-02 a       535     0    36     1    10
 -1.7942138500735973E-02 a       536     0    36     1    11
  2.8333567267491555E-01 a       537     0    36     1    12
  2.4662783869471055E-01 a       538     0    36     1    13
  2.1092952263955891E-01 a       539     0    36     1    14
 -2.8294505687469812E-01 a       540     0    36     1    15
 -1.0966762286479050E-01 a       541     0    37     1     1
 -1.0296480011481968E+00 a       542     0    37     1     2
  8.0546660290661751E-02 a       543     0    37     1     3
 -3.7270336337494619E-01 a       544     0    37     1     4
  5.0495493916284717E-02 a       545     0    37     1     5
 -1.0016998830998369E+00 a       546     0    37     1     6
 -2.4005310558442591E-01 a       547     0    37     1     7
 -9.0808643321356963E-02 a       548     0    37     1     8
  3.9613007530535052E-02 a       549     0    37     1     9
 -2.8096625375955026E-01 a       550     0    37     1    10
  9.6252865287814321E-02 a       551     0    37     1    11
  2.2347678543231628E-01 a       552     0    37     1    12
 -9.2310304151166989E-01 a       553     0    37     1    13
  6.5374261287368307E-01 a       554     0    37     1    14
  2.6036010709446561E-03 a       555     0    37     1    15
 -1.1524979589223486E-01 a       556     0    38     1     1
  1.4654952735218829E-01 a       557     0    38     1     2
  4.7108452992589173E-01 a       558     0    38     1     3
  2.4025525264096584E-02 a       559     0    38     1     4
  7.7973233060256331E-01 a       560     0    38     1     5
  6.1300054436450546E-01 a       561     0    38     1     6
 -2.2214543398089912E+00 a       562     0    38     1     7
 -5.6681430024873281E-01 a       563     0    38     1     8
 -1.3168240320618904E-01 a       564     0    38     1     9
 -1.4962763761604827E+00 a       565     0    38     1    10
 -1.6246339692775943E-01 a       566     0    38     1    11
 -3.2906242891915422E-01 a       567     0    38     1    12
 -2.1564671911994651E-01 a       568     0    38     1    13
 -2.8225627571652384E-01 a       569     0    38     1    14
  5.8040068924254506E-01 a       570     0    38     1    15
  2.5009743191973115E-02 a       571     0    39     1     1
 -2.5056479745800686E-01 a       572     0    39     1     2
 -1.6998692927625653E-01 a       573     0    39     1     3
  2.3613524052828921E-01 a       574     0    39     1     4
  2.8430569022363172E-01 a       575     0    39     1     5
  1.4238271868923941E-01 a       576     0    39     1     6
  1.9404275596378862E-02 a       577     0    39     1     7
  3.4102911240656525E-01 a       578     0    39     1     8
  2.7678354275497241E-01 a       579     0    39     1     9
  2.4145113383428261E-02 a       580     0    39     1    10
 -2.9217618206422796E-01 a       581     0    39     1    11
 -1.1370996599766647E-01 a       582     0    39     1    12
 -2.8164772553103429E-01 a       583     0    39     1    13
 -3.4441661308639765E-01 a       584     0    39     1    14
  1.7424492424335503E-01 a       585     0    39     1    15
  3.9143287519012493E-01 a       586     0    40     1     1
  1.4086563871437869E+00 a       587     0    40     1     2
 -1.4919717136455564E+00 a       588     0    40     1     3
 -1.1299121883330172E-01 a       589     0    40     1     4
  5.9394697611758329E-01 a       590     0    40     1     5
 -5.1527658747188176E-01 a       591     0    40     1     6
 -9.1881493437672357E-01 a       592     0    40     1     7
  5.1383428303027168E-01 a       593     0    40     1     8
  4.2338256294683803E-02 a       594     0    40     1     9
 -3.6388285165181505E-01 a       595     0    40     1    10
 -2.2041415606285650E-01 a       596     0    40     1    11
  9.4711003845882369E-01 a       597     0    40     1    12
  2.3502464033293827E-01 a       598     0    40     1    13
  2.3129584061844249E-01 a       599     0    40     1    14
  2.5682274427164542E-01 a       600     0    40     1    15
 -3.0261177081603602E-01 a       601     0    41     1     1
 -4.1743443689328458E-01 a       602     0    41     1     2
 -8.3024576041962495E-01 a       603     0    41     1     3
 -6.8152494670474961E-01 a       604     0    41     1     4
  8.6257196159285093E-02 a       605     0    41     1     5
  5.0310013837659473E-01 a       606     0    41     1     6
  1.2172106378256928E+00 a       607     0    41     1     7
 -1.7745653619533170E+00 a       608     0    41     1     8
 -1.1046351574307449E+00 a       609     0    41     1     9
  7.0544610691650522E-01 a       610     0    41     1    10
  5.0674629084490352E-01 a       611     0    41     1    11
 -7.3735297788979925E-01 a       612     0    41     1    12
  5.2282759376521992E-01 a       613     0    41     1    13
 -1.5463698787278382E-01 a       614     0    41     1    14
 -7.7845713762712432E-01 a       615     0    41     1    15
 -5.8169231034322463E-02 a       616     0    42     1     1
 -4.8204239659486786E-01 a       617     0    42     1     2
 -3.1626778360237101E-01 a       618     0    42     1     3
 -8.2195410880611067E-02 a       619     0    42     1     4
  5.9777313951539046E-01 a       620     0    42     1     5
 -2.0693057664607313E-03 a       621     0    42     1     6
 -4.5131055131482312E-01 a       622     0    42     1     7
 -9.4400670960134736E-01 a       623     0    42     1     8
 -5.9965388068503733E-01 a       624     0    42     1     9
  1.8123972137439689E-01 a       625     0    42     1    10
 -3.5108493073570507E-03 a       626     0    42     1    11
  6.4686626441350870E-01 a       627     0    42     1    12
  5.7341548260143160E-01 a       628     0    42     1    13
  3.9149936101950059E-03 a       629     0    42     1    14
 -3.2751834844870359E-01 a       630     0    42     1    15
 -6.3932922936474346E-01 a       631     0    43     1     1
  6.3274644238243993E-01 a       632     0    43     1     2
  5.3077120464876593E-01 a       633     0    43     1     3
 -1.6108328191012553E-01 a       634     0    43     1     4
 -4.2635734220412919E-01 a       635     0    43     1     5
 -6.6470839358277056E-01 a       636     0    43     1     6
 -6.5115579104147980E-01 a       637     0    43     1     7
 -5.0353996701676923E-02 a       638     0    43     1     8
 -7.9907471094651683E-01 a       639     0    43     1     9
  1.7709880318993265E-01 a       640     0    43     1    10
  1.4501305325345923E-01 a       641     0    43     1    11
 -1.3123446550686324E+00 a       642     0    43     1    12
 -8.0424138802868451E-03 a       643     0    43     1    13
  8.5347061534824797E-01 a       644     0    43     1    14
 -1.0209945861427723E+00 a       645     0    43     1    15
  3.9515755941265501E-01 a       646     0    44     1     1
 -7.4850597313330935E-01 a       647     0    44     1     2
 -9.5973157202727732E-01 a       648     0    44     1     3
  7.6154346190223765E-01 a       649     0    44     1     4
  4.1363615035354254E-02 a       650     0    44     1     5
  6.6474099717725288E-01 a       651     0    44     1     6
 -4.6812871055802556E-02 a       652     0    44     1     7
  7.0080582299232863E-01 a       653     0    44     1     8
  3.0354400613442228E-01 a       654     0    44     1     9
 -5.2192668678668985E-01 a       655     0    44     1    10
 -7.9510084529875708E-02 a       656     0    44     1    11
  6.9196531944722961E-01 a       657     0    44     1    12
  2.1595365175143524E-01 a       658     0    44     1    13
 -1.4253068624625448E-01 a       659     0    44     1    14
  5.4705531529826135E-01 a       660     0    44     1    15
 -6.4310422939653264E-02 a       661     0    45     1     1
 -5.4636117491354119E-01 a       662     0    45     1     2
 -7.0972935208823484E-01 a       663     0    45     1     3
  1.9295331337417526E-01 a       664     0    45     1     4
  4.2095659817513792E-01 a       665     0    45     1     5
  1.2417419106812622E+00 a       666     0    45     1     6
  6.6032035637304212E-02 a       667     0    45     1     7
 -2.1075137392420659E-01 a       668     0    45     1     8
 -5.3220994291438428E-01 a       669     0    45     1     9
 -8.0092323954985922E-01 a       670     0    45     1    10
 -1.6983058575988078E-01 a       671     0    45     1    11
  9.1419515538960905E-01 a       672     0    45     1    12
 -3.2494214694835072E-02 a       673     0    45     1    13
 -8.2219981681511711E-01 a       674     0    45     1    14
  1.6668803513089392E-01 a       675     0    45     1    15
  6.9824297214217645E-01 a       676     0    46     1     1
 -7.5673010125745555E-01 a       677     0    46     1     2
  6.2748430728406968E-01 a       678     0    46     1     3
 -1.5469476019528219E-01 a       679     0    46     1     4
 -1.0021589039742257E-02 a       680     0    46     1     5
  6.0252861919333278E-01 a       681     0    46     1     6
  5.1512341119790350E-01 a       682     0    46     1     7
  2.7734678199284674E-01 a       683     0    46     1     8
 -1.8598847056321446E-01 a       684     0    46     1     9
 -3.6605421338589778E-01 a       685     0    46     1    10
 -9.0271130647454942E-02 a       686     0    46     1    11
  4.4020066806497854E-01 a       687     0    46     1    12
 -3.8097327385980095E-01 a       688     0    46     1    13
  7.3510670435074837E-02 a       689     0    46     1    14
  3.3630370556315642E-01 a       690     0    46     1    15
  4.0401489125733575E-01 a       691     0    47     1     1
 -2.5348331061893059E-01 a       692     0    47     1     2
  5.0488045572944590E-02 a       693     0    47     1     3
  1.5204526374331781E-01 a       694     0    47     1     4
  5.0733492668905389E-01 a       695     0    47     1     5
 -6.1013044294924235E-01 a       696     0    47     1     6
 -9.4242001845645651E-01 a       697     0    47     1     7
 -1.1962712919518101E-04 a       698     0    47     1     8
  1.0921409838403189E-01 a       699     0    47     1     9
  3.8875697353356709E-01 a       700     0    47     1    10
 -4.8458886824308500E-01 a       701     0    47     1    11
  6.7747701289338326E-03 a       702     0    47     1    12
  7.7054310390338576E-01 a       703     0    47     1    13
  5.1439463863039525E-01 a       704     0    47     1    14
 -4.8869222493397875E-02 a       705     0    47     1    15
 -2.4172223992756682E-02 a       706     0    48     1     1
 -5.5230727428750336E-03 a       707     0    48     1     2
  3.0123580266262912E-01 a       708     0    48     1     3
 -5.3595168020049933E-01 a       709     0    48     1     4
  6.2915217683634317E-01 a       710     0    48     1     5
  6.1767213282536215E-01 a       711     0    48     1     6
  1.7386658934593552E-01 a       712     0    48     1     7
 -4.9139370697069318E-01 a       713     0    48     1     8
 -2.9748326325759494E-01 a       714     0    48     1     9
 -8.3313852055704810E-02 a       715     0    48     1    10
  1.3482588960030817E-01 a       716     0    48     1    11
 -3.5003544408987497E-01 a       717     0    48     1    12
  3.2485903590175713E-01 a       718     0    48     1    13
  4.4796513970058027E-01 a       719     0    48     1    14
 -6.1911592223162240E-02 a       720     0    48     1    15
  1.2983218584357820E-01 a       721     0    49     1     1
  9.2894537510868092E-01 a       722     0    49     1     2
 -1.2331245823002044E+00 a       723     0    49     1     3
 -3.4733770341810677E-01 a       724     0    49     1     4
  6.0439958410594508E-01 a       725     0    49     1     5
 -4.8065299446426130E-01 a       726     0    49     1     6
  7.7271327328693562E-01 a       727     0    49     1     7
 -5.9128709793159273E-01 a       728     0    49     1     8
  4.0120837031642897E-01 a       729     0    49     1     9
  4.5118460546147537E-01 a       730     0    49     1    10
 -8.4560216403025648E-02 a       731     0    49     1    11
  1.7646216634342116E-01 a       732     0    49     1    12
 -9.1660532231639436E-01 a       733     0    49     1    13
 -3.2317581257287559E-01 a       734     0    49     1    14
 -9.0239060124937279E-02 a       735     0    49     1    15
  9.4026374670793916E-02 a       736     0    50     1     1
  1.6119316257314534E-01 a       737     0    50     1     2
  3.6547654993581324E-01 a       738     0    50     1     3
 -4.3132195293565012E-01 a       739     0    50     1     4
 -3.4812624021627786E-01 a       740     0    50     1     5
  2.9220864402196101E-01 a       741     0    50     1     6
 -3.2717879421258950E-01 a       742     0    50     1     7
 -4.7098898912677806E-01 a       743     0    50     1     8
 -4.4003830342312041E-02 a       744     0    50     1     9
  4.5617106409310537E-01 a       745     0    50     1    10
 -7.5927898957990375E-02 a       746     0    50     1    11
 -4.3377529441006250E-02 a       747     0    50     1    12
 -3.1754636309676115E-01 a       748     0    50     1    13
  5.1249249128006069E-01 a       749     0    50     1    14
 -2.8822287593592000E-01 a       750     0    50     1    15
  2.6891690629738552E-01 a       751     0    51     1     1
  7.3600156270139760E-01 a       752     0    51     1     2
  2.8832339933036105E-01 a       753     0    51     1     3
  3.0301154347515175E-01 a       754     0    51     1     4
 -7.2986239815659340E-02 a       755     0    51     1     5
 -1.8310498436832198E-01 a       756     0    51     1     6
 -2.3042728577390012E-01 a       757     0    51     1     7
  3.6647832019434118E-01 a       758     0    51     1     8
 -7.8492155408726172E-02 a       759     0    51     1     9
  1.3040107305116203E-01 a       760     0    51     1    10
 -2.2488304423737929E-01 a       761     0    51     1    11
  1.7086496684120482E-02 a       762     0    51     1    12
  3.3147948584912612E-01 a       763     0    51     1    13
  9.0908829962657522E-01 a       764     0    51     1    14
 -5.4710761619569126E-01 a       765     0    51     1    15
 -1.7745454150780826E-01 a       766     0    52     1     1
 -5.5043591523503954E-01 a       767     0    52     1     2
 -3.0649975641910368E-02 a       768     0    52     1     3
  4.0181931582984409E-01 a       769     0    52     1     4
 -4.7117761899004545E-01 a       770     0    52     1     5
  7.1712289359998194E-01 a       771     0    52     1     6
  6.4457994592016643E-01 a       772     0    52     1     7
  2.4473677270584979E-01 a       773     0    52     1     8
 -3.0363455325126237E-01 a       774     0    52     1     9
  6.1643939536605935E-02 a       775     0    52     1    10
 -7.7228452371208844E-02 a       776     0    52     1    11
 -9.9320337409506576E-02 a       777     0    52     1    12
 -4.6577815845123377E-01 a       778     0    52     1    13
  7.2961720888101689E-01 a       779     0    52     1    14
 -5.4600066436916417E-01 a       780     0    52     1    15
  4.2784740307540442E-01 a       781     0    53     1     1
  1.1241927956950185E-02 a       782     0    53     1     2
  1.8017313993333495E-01 a       783     0    53     1     3
  7.7392809504570670E-02 a       784     0    53     1     4
 -1.0762765523690020E-01 a       785     0    53     1     5
  2.7365046383441782E-01 a       786     0    53     1     6
 -3.4338067157570473E-01 a       787     0    53     1     7
  8.3616069267370075E-01 a       788     0    53     1     8
  3.7952447586817017E-01 a       789     0    53     1     9
 -6.0913187864584328E-01 a       790     0    53     1    10
 -1.4064941628610247E-01 a       791     0    53     1    11
  4.7834287702891098E-01 a       792     0    53     1    12
 -2.4943594559385435E-01 a       793     0    53     1    13
  1.5699860666100068E-01 a       794     0    53     1    14
  2.1915996426023726E-01 a       795     0    53     1    15
 -6.2669391573646985E-03 a       796     0    54     1     1
 -5.9018602310310947E-02 a       797     0    54     1     2
  2.7942915558324850E-02 a       798     0    54     1     3
 -1.4014910434474667E-01 a       799     0    54     1     4
 -6.1850052382409502E-02 a       800     0    54     1     5
 -1.1387722357471054E-01 a       801     0    54     1     6
  5.4944107657163441E-02 a       802     0    54     1     7
  2.8543472092030286E-01 a       803     0    54     1     8
  2.1142298916091284E-01 a       804     0    54     1     9
 -8.8064989165713842E-02 a       805     0    54     1    10
  7.4936761787434789E-02 a       806     0    54     1    11
 -1.0319213239799127E-01 a       807     0    54     1    12
 -1.9989842671961575E-01 a       808     0    54     1    13
 -6.3161113233677735E-02 a       809     0    54     1    14
  2.5685646674933138E-01 a       810     0    54     1    15
  5.0872227309178852E-01 a       811     0    55     1     1
 -4.6719453712867642E-01 a       812     0    55     1     2
  1.0724949789729514E+00 a       813     0    55     1     3
 -3.1660945342307950E-01 a       814     0    55     1     4
  2.4800821010051741E-01 a       815     0    55     1     5
 -5.6691480396872262E-01 a       816     0    55     1     6
  8.0855693464243816E-02 a       817     0    55     1     7
 -5.5716900934150659E-01 a       818     0    55     1     8
  3.8642615222536231E-01 a       819     0    55     1     9
 -6.7176574336829453E-01 a       820     0    55     1    10
  2.0305553294971532E-01 a       821     0    55     1    11
  3.4706931501286642E-01 a       822     0    55     1    12
 -3.3591138273398097E-01 a       823     0    55     1    13
 -1.0206187287782156E+00 a       824     0    55     1    14
  7.1035288557487120E-01 a       825     0    55     1    15
 -3.1818159989554551E-01 a       826     0    56     1     1
  3.2499342203179754E-01 a       827     0    56     1     2
  1.0743337833584145E-01 a       828     0    56     1     3
 -5.0842995863870688E-01 a       829     0    56     1     4
 -6.9599656359355735E-02 a       830     0    56     1     5
 -2.6664532170365907E-01 a       831     0    56     1     6
 -4.3158907983314099E-01 a       832     0    56     1     7
 -5.3827085633494620E-01 a       833     0    56     1     8
 -5.6567998000501121E-02 a       834     0    56     1     9
  4.0083312092175238E-01 a       835     0    56     1    10
  9.8370787082339234E-02 a       836     0    56     1    11
 -4.5997480891071202E-01 a       837     0    56     1    12
 -3.2977806719822189E-01 a       838     0    56     1    13
 -5.1899924229301807E-02 a       839     0    56     1    14
 -3.9403585239987077E-02 a       840     0    56     1    15
  1.1419003188340718E-01 a       841     0    57     1     1
  3.9632110429158240E-01 a       842     0    57     1     2
  3.9845225267881584E-01 a       843     0    57     1     3
  2.8334886077706751E-02 a       844     0    57     1     4
 -1.2541168945500678E-01 a       845     0    57     1     5
 -1.7722307322535100E-01 a       846     0    57     1     6
 -2.6249351499352171E-03 a       847     0    57     1     7
  7.9886932880038578E-02 a       848     0    57     1     8
  2.0069999511847930E-01 a       849     0    57     1     9
  2.4246190572218992E-01 a       850     0    57     1    10
 -3.0530056114764819E-02 a       851     0    57     1    11
 -2.8659382368838021E-01 a       852     0    57     1    12
  2.8042236462076353E-01 a       853     0    57     1    13
  1.0694436641488947E-02 a       854     0    57     1    14
  4.3473082338830529E-02 a       855     0    57     1    15
 -5.9913039628449349E-01 a       856     0    58     1     1
  2.3104223738190571E-01 a       857     0    58     1     2
  1.3145527098385063E-01 a       858     0    58     1     3
  4.7629529557964356E-01 a       859     0    58     1     4
 -2.9002151771311196E-01 a       860     0    58     1     5
  4.3230419487613009E-01 a       861     0    58     1     6
 -6.5059059613358938E-01 a       862     0    58     1     7
  7.9928064470397353E-01 a       863     0    58     1     8
 -4.5296606893650088E-02 a       864     0    58     1     9
  3.2812791694998039E-01 a       865     0    58     1    10
 -6.6696417238855915E-02 a       866     0    58     1    11
 -1.7264361147947721E-01 a       867     0    58     1    12
 -2.4397271296731718E-01 a       868     0    58     1    13
  1.1062424831222266E-01 a       869     0    58     1    14
  2.6169515256533538E-01 a       870     0    58     1    15
 -3.4612084963205686E-01 a       871     0    59     1     1
  1.2101920483037522E-01 a       872     0    59     1     2
 -3.2199069253536194E-01 a       873     0    59     1     3
 -2.1148975927143496E-01 a       874     0    59     1     4
 -2.8778160584429008E-01 a       875     0    59     1     5
  1.1069735228638207E+00 a       876     0    59     1     6
  4.3028393373908647E-01 a       877     0    59     1     7
 -8.8735899657819764E-02 a       878     0    59     1     8
 -1.0550262564123192E-01 a       879     0    59     1     9
 -1.2925335367064564E-01 a       880     0    59     1    10
  3.0522884156444308E-01 a       881     0    59     1    11
 -3.2362930532696205E-01 a       882     0    59     1    12
 -5.2675197246098293E-01 a       883     0    59     1    13
 -3.0734455392723353E-01 a       884     0    59     1    14
  2.5433331907388720E-02 a       885     0    59     1    15
  1.5731923988359427E-02 a       886     0    60     1     1
 -1.9825466772476202E-01 a       887     0    60     1     2
 -5.7776928035171038E-02 a       888     0    60     1     3
  2.1694590651149961E-01 a       889     0    60     1     4
 -2.6972991513598554E-01 a       890     0    60     1     5
 -9.2836616701309327E-02 a       891     0    60     1     6
  3.8279612761054203E-02 a       892     0    60     1     7
  9.7353009319801509E-02 a       893     0    60     1     8
  7.0146058332096667E-02 a       894     0    60     1     9
  2.6734048716226342E-02 a       895     0    60     1    10
 -5.9085001870219783E-02 a       896     0    60     1    11
  1.5043908215104815E-01 a       897     0    60     1    12
 -6.9413923521556037E-02 a       898     0    60     1    13
 -4.2453927890560855E-01 a       899     0    60     1    14
 -4.7811861313860518E-02 a       900     0    60     1    15
 -8.9951088897789702E-02 a       901     0    61     1     1
 -2.6615322596495006E-01 a       902     0    61     1     2
  7.9913452318117986E-02 a       903     0    61     1     3
  2.3836331620975773E-01 a       904     0    61     1     4
 -3.9545716974263589E-01 a       905     0    61     1     5
  5.3523186941919476E-01 a       906     0    61     1     6
 -8.0505850714019986E-02 a       907     0    61     1     7
  7.4652829646923446E-01 a       908     0    61     1     8
 -2.1198659247593163E-01 a       909     0    61     1     9
  1.2221053832655926E-01 a       910     0    61     1    10
  4.9629097056237803E-02 a       911     0    61     1    11
 -2.1414857661594047E-01 a       912     0    61     1    12
  1.3191671810056280E+00 a       913     0    61     1    13
 -2.9258566753252985E-01 a       914     0    61     1    14
 -1.4272653091849519E-01 a       915     0    61     1    15
  1.3587257470605313E-01 a       916     0    62     1     1
 -1.1320882589684864E-01 a       917     0    62     1     2
  1.9847594810559804E-01 a       918     0    62     1     3
  2.0854439233543312E-01 a       919     0    62     1     4
  1.5624879673139352E-01 a       920     0    62     1     5
  3.0450132513691558E-01 a       921     0    62     1     6
  2.9870133572942187E-01 a       922     0    62     1     7
  3.4423263152339240E-01 a       923     0    62     1     8
  1.3387716920488024E-01 a       924     0    62     1     9
 -1.1416712552064701E-01 a       925     0    62     1    10
 -1.0540010073948269E-01 a       926     0    62     1    11
  1.3903740567087580E-01 a       927     0    62     1    12
 -1.2314403933031987E-02 a       928     0    62     1    13
 -5.5217191057286702E-02 a       929     0    62     1    14
  1.3284791480201766E-01 a       930     0    62     1    15
 -1.2564606922659183E-01 a       931     0    63     1     1
 -3.4728717754971089E-01 a       932     0    63     1     2
  6.0812113969142746E-02 a       933     0    63     1     3
 -2.0237871081351835E-01 a       934     0    63     1     4
 -1.5944022755842079E-02 a       935     0    63     1     5
 -1.4287758907221115E-01 a       936     0    63     1     6
  6.0234895496195560E-02 a       937     0    63     1     7
 -1.1418761916491653E-01 a       938     0    63     1     8
  6.9132820476384457E-02 a       939     0    63     1     9
  2.8992449030578960E-02 a       940     0    63     1    10
  1.5318476951969001E-01 a       941     0    63     1    11
 -1.0316729754012686E-01 a       942     0    63     1    12
 -3.2574916196866849E-01 a       943     0    63     1    13
 -5.0160713666936363E-02 a       944     0    63     1    14
  3.9728633407346065E-01 a       945     0    63     1    15
  1.8567316336212070E-01 a       946     0    64     1     1
 -3.1690491955955463E-01 a       947     0    64     1     2
 -1.0774199211660608E-03 a       948     0    64     1     3
 -2.7437583088187489E-01 a       949     0    64     1     4
  1.7672468961326812E-01 a       950     0    64     1     5
 -1.6471219625705763E-01 a       951     0    64     1     6
 -2.0876282139414601E-01 a       952     0    64     1     7
 -1.4542579132993272E-01 a       953     0    64     1     8
  2.8142609808255131E-01 a       954     0    64     1     9
  6.7137764265161304E-01 a       955     0    64     1    10
  1.2006112255166415E-02 a       956     0    64     1    11
  2.0011805243940387E-01 a       957     0    64     1    12
  6.9103863856238046E-01 a       958     0    64     1    13
 -6.0848147270739150E-01 a       959     0    64     1    14
  3.5353197253454582E-01 a       960     0    64     1    15
  4.3957764051445086E-01 b       961     1     1
 -6.7148432710030714E-01 b       962     1     2
  2.7309246080533817E-01 b       963     1     3
  3.1258070479717087E-01 b       964     1     4
  1.8631735269497879E-01 b       965     1     5
  6.1429234935975874E-01 b       966     1     6
  5.3877872246092562E-01 b       967     1     7
  7.9870436118332888E-01 b       968     1     8
  2.3330034502019792E-01 b       969     1     9
 -2.6911733930965848E-01 b       970     1    10
 -2.2739306859831818E-01 b       971     1    11
 -9.8917978415169205E-01 b       972     1    12
  2.6541921303574906E-01 b       973     1    13
 -3.1915785101746130E-01 b       974     1    14
 -9.4737292135658763E-02 b       975     1    15
 -3.1067114169751525E-02 a       976     1     1     2     1
  2.1591597549830249E-01 a       977     1     1     2     2
  1.4235640521256785E+00 a       978     1     1     2     3
 -1.1294776662786727E+00 a       979     1     1     2     4
  5.2155499934490013E-01 a       980     1     1     2     5
 -5.8294506626306741E-01 a       981     1     1     2     6
 -3.4091545716597155E-01 a       982     1     1     2     7
  4.4267469585628283E-01 a       983     1     1     2     8
  1.8736493587662034E-01 a       984     1     1     2     9
  2.0555908389791693E+00 a       985     1     1     2    10
 -1.6559418232129014E-01 a       986     1     1     2    11
 -2.0239734454450664E-01 a       987     1     1     2    12
 -9.1998946810338067E-01 a       988     1     1     2    13
  6.3752605240370330E-01 a       989     1     1     2    14
 -1.9216643369827382E+00 a       990     1     1     2    15
  3.3013935518649967E-01 a       991     1     2     2     1
  8.4349502180396752E-01 a       992     1     2     2     2
  3.8445103565417915E-01 a       993     1     2     2     3
 -1.0101034727680616E+00 a       994     1     2     2     4
 -3.2292176748119111E-01 a       995     1     2     2     5
 -1.2449853327164510E-01 a       996     1     2     2     6
 -3.2310706870368705E-01 a       997     1     2     2     7
 -4.4864135996750226E-01 a       998     1     2     2     8
  2.9748971876171254E-01 a       999     1     2     2     9
  1.3501648349333875E+00 a      1000     1     2     2    10
  2.2813039428141033E-01 a      1001     1     2     2    11
 -4.7301698108441576E-01 a      1002     1     2     2    12
  2.4648608397966801E-01 a      1003     1     2     2    13
 -4.6932069705541707E-01 a      1004     1     2     2    14
  7.9823744525703552E-02 a      1005     1     2     2    15
  1.4427416060810704E-02 a      1006     1     3     2     1
  3.0229333201315531E-02 a      1007     1     3     2     2
 -2.0702383655115081E-01 a      1008     1     3     2     3
  8.0151840269255081E-01 a      1009     1     3     2     4
 -4.2235901391066803E-02 a      1010     1     3     2     5
 -1.3849698124312233E-02 a      1011     1     3     2     6
  3.6323088504294021E-01 a      1012     1     3     2     7
  3.4566925671639059E-01 a      1013     1     3     2     8
 -1.9578685471725582E-01 a      1014     1     3     2     9
  8.8825390754680489E-01 a      1015     1     3     2    10
 -5.3186244097819602E-01 a      1016     1     3     2    11
 -7.4651829574929840E-01 a      1017     1     3     2    12
  1.1196171258894498E+00 a      1018     1     3     2    13
 -3.7122878824536193E-01 a      1019     1     3     2    14
  1.8743468469244240E-02 a      1020     1     3     2    15
  4.7052827821679027E-01 a      1021     1     4     2     1
 -9.6457155193982047E-01 a      1022     1     4     2     2
 -9.2543846471664792E-01 a      1023     1     4     2     3
 -5.3143643022028730E-01 a      1024     1     4     2     4
  6.3108842769007523E-01 a      1025     1     4     2     5
 -1.1119688776794177E+00 a      1026     1     4     2     6
  5.1464005691210246E-01 a      1027     1     4     2     7
  8.0665630703712998E-01 a      1028     1     4     2     8
  4.3132998119444754E-01 a      1029     1     4     2     9
 -1.2765223611091378E-01 a      1030     1     4     2    10
 -8.4798113827323018E-01 a      1031     1     4     2    11
  1.1599639327052966E+00 a      1032     1     4     2    12
 -1.2754862670533540E+00 a      1033     1     4     2    13
 -1.2950734758501811E-01 a      1034     1     4     2    14
 -1.5463579717429234E+00 a      1035     1     4     2    15
 -7.0810343480051174E-01 a      1036     1     5     2     1
 -3.6980197642994500E-01 a      1037     1     5     2     2
  1.6835491915968745E-01 a      1038     1     5     2     3
  6.9421311390769769E-01 a      1039     1     5     2     4
  4.6099460990384789E-01 a      1040     1     5     2     5
 -7.4411380390662407E-01 a      1041     1     5     2     6
  3.2351807328436244E-01 a      1042     1     5     2     7
 -9.8429567264242096E-02 a      1043     1     5     2     8
  6.2671669497815374E-01 a      1044     1     5     2     9
  1.7258770736982263E+00 a      1045     1     5     2    10
  7.1381430345592289E-01 a      1046     1     5     2    11
 -4.2066263490664529E-01 a      1047     1     5     2    12
 -2.2658816460355613E-01 a      1048     1     5     2    13
  1.0266664218906234E+00 a      1049     1     5     2    14
 -1.7452620538741341E+00 a      1050     1     5     2    15
  9.4034357829104565E-01 a      1051     1     6     2     1
 -2.9471254425721870E-02 a      1052     1     6     2     2
 -2.8616025324695388E-01 a      1053     1     6     2     3
  4.9901831875783154E-01 a      1054     1     6     2     4
 -3.1314638628807429E-01 a      1055     1     6     2     5
  3.9838193536656630E-01 a      1056     1     6     2     6
  3.2139491673727823E-02 a      1057     1     6     2     7
  5.7830288545390063E-01 a      1058     1     6     2     8
 -2.1045416383322110E-03 a      1059     1     6     2     9
 -5.9271855041331867E-01 a      1060     1     6     2    10
  5.4782484715730639E-01 a      1061     1     6     2    11
  6.1636943231026461E-02 a      1062     1     6     2    12
 -1.0998284697080538E+00 a      1063     1     6     2    13
 -1.2162498501423829E-03 a      1064     1     6     2    14
  1.1548314667017059E+00 a      1065     1     6     2    15
  3.5522734800238270E-01 a      1066     1     7     2     1
 -4.3160821338640970E-01 a      1067     1     7     2     2
  9.1877847226936904E-01 a      1068     1     7     2     3
  7.4563077202792494E-01 a      1069     1     7     2     4
 -7.1272126820981685E-01 a      1070     1     7     2     5
 -2.1603643995948305E-01 a      1071     1     7     2     6
  1.1774572252494356E-01 a      1072     1     7     2     7
  7.0755699315221554E-01 a      1073     1     7     2     8
  6.3337825079869658E-01 a      1074     1     7     2     9
  6.1753900660638561E-01 a      1075     1     7     2    10
  1.3713585220480118E-01 a      1076     1     7     2    11
 -6.2323424903856943E-02 a      1077     1     7     2    12
  2.1490243549677146E-01 a      1078     1     7     2    13
  1.8855360021276121E-01 a      1079     1     7     2    14
 -9.5589307322977812E-01 a      1080     1     7     2    15
 -7.6326250453998512E-01 a      1081     1     8     2     1
  1.2132720192640989E+00 a      1082     1     8     2     2
  1.1539910245118243E+00 a      1083     1     8     2     3
  8.6052804994733967E-01 a      1084     1     8     2     4
 -9.3027140454735135E-01 a      1085     1     8     2     5
  7.7059445752019662E-01 a      1086     1     8     2     6
 -6.2139375014141507E-01 a      1087     1     8     2     7
  1.3819112870479647E-01 a      1088     1     8     2     8
 -5.4485682099703614E-01 a      1089     1     8     2     9
  8.3735996814882718E-01 a      1090     1     8     2    10
 -7.2214078875160592E-01 a      1091     1     8     2    11
 -4.9230801030395349E-01 a      1092     1     8     2    12
 -5.9157284801278354E-01 a      1093     1     8     2    13
 -6.2546217745421406E-01 a      1094     1     8     2    14
  9.5184077778502385E-01 a      1095     1     8     2    15
 -4.4705976471182352E-01 a      1096     1     9     2     1
 -4.3838570116008374E-01 a      1097     1     9     2     2
 -5.7161597687007637E-01 a      1098     1     9     2     3
  9.1267022772548922E-01 a      1099     1     9     2     4
  1.0496813560881213E+00 a      1100     1     9     2     5
  3.8739175255693570E-01 a      1101     1     9     2     6
  9.0879206920996913E-01 a      1102     1     9     2     7
 -1.3968471348724423E+00 a      1103     1     9     2     8
  3.4945307199355757E-01 a      1104     1     9     2     9
 -6.8108339187723888E-01 a      1105     1     9     2    10
 -2.8783432088470295E-01 a      1106     1     9     2    11
 -6.8155738800941834E-01 a      1107     1     9     2    12
  7.5650832247049438E-01 a      1108     1     9     2    13
 -8.3326492107347638E-01 a      1109     1     9     2    14
  1.3431962418403061E+00 a      1110     1     9     2    15
 -3.9815640601806618E-01 a      1111     1    10     2     1
  2.1039765062618579E-01 a      1112     1    10     2     2
  3.1220174676255563E-01 a      1113     1    10     2     3
 -7.7431023172674873E-01 a      1114     1    10     2     4
 -9.7418557395055075E-02 a      1115     1    10     2     5
 -4.3476842895424656E-01 a      1116     1    10     2     6
 -3.8935070516509901E-01 a      1117     1    10     2     7
  2.5829925662007569E-01 a      1118     1    10     2     8
  5.6673823820434732E-02 a      1119     1    10     2     9
 -3.2098668543518805E-01 a      1120     1    10     2    10
 -9.6718105641458607E-02 a      1121     1    10     2    11
  3.2301597587880171E-01 a      1122     1    10     2    12
 -4.5936550200462681E-02 a      1123     1    10     2    13
  1.5100881625083543E-01 a      1124     1    10     2    14
 -1.0065996787953122E+00 a      1125     1    10     2    15
 -1.5313147839089165E+00 a      1126     1    11     2     1
 -1.1996015338499952E+00 a      1127     1    11     2     2
  4.7229992373766566E-01 a      1128     1    11     2     3
 -1.0979014740599777E-01 a      1129     1    11     2     4
 -1.2268863036458679E+00 a      1130     1    11     2     5
 -9.2652088597369370E-02 a      1131     1    11     2     6
  5.2425328996884002E-01 a      1132     1    11     2     7
  9.2438988872533778E-01 a      1133     1    11     2     8
  1.1715006342458110E+00 a      1134     1    11     2     9
  1.7722976813368991E+00 a      1135     1    11     2    10
 -9.6652264908346075E-01 a      1136     1    11     2    11
 -1.0397746099684149E+00 a      1137     1    11     2    12
 -6.7726529212521303E-01 a      1138     1    11     2    13
 -3.2308944392409428E-01 a      1139     1    11     2    14
 -6.5921464360765636E-01 a      1140     1    11     2    15
 -1.0071577132330372E+00 a      1141     1    12     2     1
 -3.5474481952853881E-01 a      1142     1    12     2     2
 -3.2880936505940828E-01 a      1143     1    12     2     3
  4.0953083227652626E-01 a      1144     1    12     2     4
  7.0032653124874078E-01 a      1145     1    12     2     5
 -8.2744914726750607E-01 a      1146     1    12     2     6
 -2.9728869265775937E-01 a      1147     1    12     2     7
  7.3126083927515781E-02 a      1148     1    12     2     8
  3.5797910036611219E-01 a      1149     1    12     2     9
 -1.1340651697729134E+00 a      1150     1    12     2    10
  2.3274570807795963E-01 a      1151     1    12     2    11
  1.6232805903614025E+00 a      1152     1    12     2    12
  6.9206928961432856E-01 a      1153     1    12     2    13
 -5.1932461384620532E-01 a      1154     1    12     2    14
  2.4452277320873711E-02 a      1155     1    12     2    15
 -8.0793416233554050E-01 a      1156     1    13     2     1
  4.0155494759151117E-02 a      1157     1    13     2     2
  1.8315899911867919E-01 a      1158     1    13     2     3
 -4.7023965978240617E-01 a      1159     1    13     2     4
  9.6388310847847358E-01 a      1160     1    13     2     5
  1.0048915588361078E+00 a      1161     1    13     2     6
  5.2293418735777075E-01 a      1162     1    13     2     7
  4.6682263005190133E-01 a      1163     1    13     2     8
 -9.6503638755356913E-01 a      1164     1    13     2     9
 -7.7068280511660980E-01 a      1165     1    13     2    10
 -2.7296712810045798E-01 a      1166     1    13     2    11
 -1.5643723756266947E+00 a      1167     1    13     2    12
  6.2450683189749956E-01 a      1168     1    13     2    13
 -1.4806976389505339E-01 a      1169     1    13     2    14
  1.3505919112154956E+00 a      1170     1    13     2    15
 -6.2936496931993613E-01 a      1171     1    14     2     1
 -7.6478950810180635E-02 a      1172     1    14     2     2
 -9.2838911236404886E-01 a      1173     1    14     2     3
  1.9684012723762742E-01 a      1174     1    14     2     4
  4.0766458384196924E-01 a      1175     1    14     2     5
 -4.1140173090035070E-01 a      1176     1    14     2     6
 -3.8331195675432156E-01 a      1177     1    14     2     7
  2.0538912611012433E-01 a      1178     1    14     2     8
  7.9667347582422193E-02 a      1179     1    14     2     9
 -1.2815883532819097E+00 a      1180     1    14     2    10
  3.0104814272521291E-01 a      1181     1    14     2    11
  1.4867265698790810E+00 a      1182     1    14     2    12
 -9.6305714031050360E-01 a      1183     1    14     2    13
  2.8900645146468174E-02 a      1184     1    14     2    14
  2.6044407715609813E-01 a      1185     1    14     2    15
 -7.3155120764228276E-01 a      1186     1    15     2     1
  1.2432876611729882E-01 a      1187     1    15     2     2
 -2.7054379913277804E-01 a      1188     1    15     2     3
 -6.4615014004186588E-01 a      1189     1    15     2     4
  4.4522693330541846E-01 a      1190     1    15     2     5
  6.6141027706696531E-01 a      1191     1    15     2     6
  2.0494564617153105E-01 a      1192     1    15     2     7
  2.6748689133551912E-01 a      1193     1    15     2     8
 -3.6041905182006340E-01 a      1194     1    15     2     9
  7.8781577653614443E-01 a      1195     1    15     2    10
  4.0676116620584979E-01 a      1196     1    15     2    11
 -7.2830633736122086E-01 a      1197     1    15     2    12
 -6.6240517812641675E-01 a      1198     1    15     2    13
  4.7810816306584092E-01 a      1199     1    15     2    14
  5.5719407939880317E-01 a      1200     1    15     2    15
 -6.2071804715277390E-01 b      1201     2     1
  2.2619243164327721E-01 b      1202     2     2
 -6.4226474621024165E-01 b      1203     2     3
  1.1184278924967965E+00 b      1204     2     4
  9.1994192661734142E-01 b      1205     2     5
 -3.5361473312629771E-01 b      1206     2     6
  1.1182218478708338E-02 b      1207     2     7
 -3.8798934985832062E-02 b      1208     2     8
  7.4806976418977955E-01 b      1209     2     9
  3.7821739141628752E-01 b      1210     2    10
  9.3488107712309121E-01 b      1211     2    11
  5.4705216179731973E-02 b      1212     2    12
  1.2425804399947025E+00 b      1213     2    13
  2.1577740474160598E-01 b      1214     2    14
  1.0620459685485764E+00 b      1215     2    15
 -6.0698576314774134E-02 a      1216     2     1     3     1
 -4.4198735194857647E-01 a      1217     2     2     3     1
 -1.5113108357861280E-01 a      1218     2     3     3     1
  3.8986320556642251E-01 a      1219     2     4     3     1
  1.2964499176039712E-01 a      1220     2     5     3     1
  7.6988347061985185E-01 a      1221     2     6     3     1
 -5.9823724179896931E-01 a      1222     2     7     3     1
 -2.7110514602103730E-01 a      1223     2     8     3     1
 -7.4231209270050691E-01 a      1224     2     9     3     1
 -4.9936360529957036E-01 a      1225     2    10     3     1
  5.6132959918208403E-01 a      1226     2    11     3     1
 -1.6832242439911721E-01 a      1227     2    12     3     1
 -6.5561673749382654E-02 a      1228     2    13     3     1
 -8.5891490608521415E-01 a      1229     2    14     3     1
 -6.0169839687962745E-01 a      1230     2    15     3     1
  1.7049924467867135E+00 b      1231     3     1
