################################################################################
# Neural network connection values (weights and biases).
################################################################################
# Col  Name       Description
################################################################################
# 1    connection Neural network connection value.
# 2    t          Connection type (a = weight, b = bias).
# 3    index      Index enumerating weights.
# 4    l_s        Starting point layer (end point layer for biases).
# 5    n_s        Starting point neuron in starting layer (end point neuron for biases).
# 6    l_e        End point layer.
# 7    n_e        End point neuron in end layer.
################################################################################
#                      1 2         3     4     5     6     7
#             connection t     index   l_s   n_s   l_e   n_e
############################################################
  1.6200599042340788E-01 a         1     0     1     1     1
  1.1262533831802608E-01 a         2     0     1     1     2
  1.1863712403593749E+00 a         3     0     1     1     3
 -2.5207287386671190E-01 a         4     0     1     1     4
  4.8522586436926174E-01 a         5     0     1     1     5
 -3.8555687700707020E-01 a         6     0     1     1     6
  7.0624237706772353E-01 a         7     0     1     1     7
  1.2519388606949416E-01 a         8     0     1     1     8
  4.5123030037258521E-01 a         9     0     1     1     9
  2.9575051909549199E-01 a        10     0     1     1    10
 -7.5556768399633059E-02 a        11     0     1     1    11
 -5.4274601767770803E-01 a        12     0     1     1    12
 -4.8525873145643789E-01 a        13     0     1     1    13
 -5.2353180429141333E-01 a        14     0     1     1    14
  7.6380006141718104E-01 a        15     0     1     1    15
  5.8592550683333723E-02 a        16     0     2     1     1
 -1.1764169757836433E+00 a        17     0     2     1     2
  1.1097416308893164E+00 a        18     0     2     1     3
  1.2380897422979724E+00 a        19     0     2     1     4
  8.8267382190503840E-01 a        20     0     2     1     5
  2.7583626388568067E-01 a        21     0     2     1     6
 -8.0581232151243642E-01 a        22     0     2     1     7
 -9.3616054526013037E-01 a        23     0     2     1     8
 -6.5984544690716374E-01 a        24     0     2     1     9
  1.6559518596217068E-01 a        25     0     2     1    10
  6.7004844683973308E-01 a        26     0     2     1    11
  2.6075537374235963E-01 a        27     0     2     1    12
 -1.8191557479053599E-01 a        28     0     2     1    13
 -6.7704922927387989E-01 a        29     0     2     1    14
  9.1689489737771268E-01 a        30     0     2     1    15
 -1.0267736966145418E+00 a        31     0     3     1     1
 -6.2995002560131297E-01 a        32     0     3     1     2
 -5.1718716379191765E-01 a        33     0     3     1     3
 -1.7962645437884830E-01 a        34     0     3     1     4
  3.5624380266494182E-01 a        35     0     3     1     5
 -2.9295666431673481E-03 a        36     0     3     1     6
  4.7508220640927379E-01 a        37     0     3     1     7
 -7.9864078827878771E-01 a        38     0     3     1     8
 -8.5326035691739277E-01 a        39     0     3     1     9
  1.2719016253978324E+00 a        40     0     3     1    10
 -1.4718049901375968E-01 a        41     0     3     1    11
  9.2718756734965574E-02 a        42     0     3     1    12
  3.1224992223764120E-01 a        43     0     3     1    13
 -3.0608481941844540E-01 a        44     0     3     1    14
  1.3421130111099652E-01 a        45     0     3     1    15
  1.6748342589467055E-01 a        46     0     4     1     1
  3.7614507206089232E-01 a        47     0     4     1     2
  1.7642516835247402E+00 a        48     0     4     1     3
  1.5360474591657187E+00 a        49     0     4     1     4
  1.5001984141002442E+00 a        50     0     4     1     5
  8.5446905144849417E-01 a        51     0     4     1     6
  4.9098346928094155E-01 a        52     0     4     1     7
 -1.1177479143152016E+00 a        53     0     4     1     8
  4.4475009998690263E-01 a        54     0     4     1     9
 -1.5954593095501821E-02 a        55     0     4     1    10
 -5.7838207312726375E-01 a        56     0     4     1    11
  6.2735152660470417E-01 a        57     0     4     1    12
  2.7859298520110640E-02 a        58     0     4     1    13
 -1.8009351342804261E+00 a        59     0     4     1    14
  8.5537595784112586E-01 a        60     0     4     1    15
  9.4182502702668625E-01 a        61     0     5     1     1
  1.8082965756519431E-01 a        62     0     5     1     2
  2.2367456740243191E-01 a        63     0     5     1     3
  1.4445616530315217E-01 a        64     0     5     1     4
 -1.2007917084526530E-01 a        65     0     5     1     5
  2.7875536184090483E-01 a        66     0     5     1     6
  2.5326225760476145E-01 a        67     0     5     1     7
  4.8148735379574856E-02 a        68     0     5     1     8
 -1.5486724759117479E-01 a        69     0     5     1     9
 -6.4437666375322422E-01 a        70     0     5     1    10
  3.9472781593975470E-01 a        71     0     5     1    11
  6.0653049983566476E-01 a        72     0     5     1    12
 -5.7409936506444936E-02 a        73     0     5     1    13
  2.0801394745139652E-02 a        74     0     5     1    14
 -2.8706637789962947E-01 a        75     0     5     1    15
  5.0318561134977124E-01 a        76     0     6     1     1
 -2.4982860960371789E-01 a        77     0     6     1     2
  7.8620140364886271E-01 a        78     0     6     1     3
 -4.6258370792070358E-01 a        79     0     6     1     4
 -1.4536563903392175E-01 a        80     0     6     1     5
 -4.2640715153161696E-01 a        81     0     6     1     6
 -6.4646190046363805E-01 a        82     0     6     1     7
 -1.0840508438780494E+00 a        83     0     6     1     8
 -7.8155862990326219E-01 a        84     0     6     1     9
 -2.7792881723616040E-04 a        85     0     6     1    10
  1.0425202077681010E-01 a        86     0     6     1    11
  1.3915963547928536E+00 a        87     0     6     1    12
 -7.8773630402231276E-01 a        88     0     6     1    13
  1.7548969825253785E-01 a        89     0     6     1    14
  5.8133519084651830E-01 a        90     0     6     1    15
 -1.9438709796844397E-01 a        91     0     7     1     1
  1.9076418673902373E-01 a        92     0     7     1     2
 -3.2322401696425324E-01 a        93     0     7     1     3
  9.0990413386321534E-01 a        94     0     7     1     4
  3.8088381475762900E-01 a        95     0     7     1     5
  5.3070933085494887E-01 a        96     0     7     1     6
 -3.7911387228556848E-01 a        97     0     7     1     7
  1.2468201193699462E+00 a        98     0     7     1     8
 -3.2852378422335563E-04 a        99     0     7     1     9
  6.6675688033697789E-01 a       100     0     7     1    10
  1.0684259091458941E+00 a       101     0     7     1    11
  5.7525936605960548E-01 a       102     0     7     1    12
  2.5500639714559875E-01 a       103     0     7     1    13
  4.7265794247229015E-01 a       104     0     7     1    14
  5.2340617472570161E-01 a       105     0     7     1    15
  4.0727068997617494E-01 a       106     0     8     1     1
 -7.4947667354079750E-01 a       107     0     8     1     2
 -3.4317575612420374E-02 a       108     0     8     1     3
  6.7448279487618745E-01 a       109     0     8     1     4
  2.9963455215240126E-01 a       110     0     8     1     5
 -5.0058783867230519E-02 a       111     0     8     1     6
 -6.9994264706964224E-02 a       112     0     8     1     7
 -5.6601987905225049E-01 a       113     0     8     1     8
  8.5583596121973704E-01 a       114     0     8     1     9
  5.9902793502656371E-01 a       115     0     8     1    10
  7.8948768873114894E-01 a       116     0     8     1    11
 -1.1278185995810824E-01 a       117     0     8     1    12
  5.4054791935001933E-01 a       118     0     8     1    13
  2.2765504892993796E-01 a       119     0     8     1    14
 -2.7413517378333985E-01 a       120     0     8     1    15
  1.0911208314955854E+00 a       121     0     9     1     1
 -4.8829176185610446E-01 a       122     0     9     1     2
 -8.2328533939489590E-01 a       123     0     9     1     3
  1.1557495789930368E+00 a       124     0     9     1     4
 -3.7210639738018580E-01 a       125     0     9     1     5
  3.4206044383000123E-01 a       126     0     9     1     6
  2.7198943840454354E-01 a       127     0     9     1     7
 -3.1664448161879793E-01 a       128     0     9     1     8
  9.5330942795546025E-01 a       129     0     9     1     9
 -3.8938061015152764E-02 a       130     0     9     1    10
  2.6841096980542817E-01 a       131     0     9     1    11
 -4.6965636176420894E-01 a       132     0     9     1    12
  4.3107335693464877E-01 a       133     0     9     1    13
  1.7436213787664423E-01 a       134     0     9     1    14
 -4.9418979271940378E-01 a       135     0     9     1    15
 -5.9914406839342260E-01 a       136     0    10     1     1
  2.3769164623015934E-01 a       137     0    10     1     2
 -1.4745408653447772E-01 a       138     0    10     1     3
 -7.2358936949833697E-01 a       139     0    10     1     4
  8.3738997649714514E-02 a       140     0    10     1     5
  3.2463047530526723E-01 a       141     0    10     1     6
 -6.8666717857643900E-01 a       142     0    10     1     7
 -5.4140569602444599E-01 a       143     0    10     1     8
  1.1859579844287180E+00 a       144     0    10     1     9
 -7.6507821432302792E-01 a       145     0    10     1    10
  1.7241884916932709E-01 a       146     0    10     1    11
 -5.8693115001818319E-01 a       147     0    10     1    12
 -8.0787658668077122E-01 a       148     0    10     1    13
  3.5393324730824166E-01 a       149     0    10     1    14
  2.5377516646613663E-01 a       150     0    10     1    15
 -9.2916920411240123E-01 a       151     0    11     1     1
 -3.7112429228868998E-01 a       152     0    11     1     2
  1.0488265966117620E+00 a       153     0    11     1     3
 -1.3630211623029265E+00 a       154     0    11     1     4
 -5.7599423431974583E-01 a       155     0    11     1     5
 -1.2212802887183241E+00 a       156     0    11     1     6
 -2.0257447980354484E+00 a       157     0    11     1     7
 -1.0766913734965771E+00 a       158     0    11     1     8
  8.1115253230455187E-01 a       159     0    11     1     9
  4.0092969516651833E-01 a       160     0    11     1    10
 -8.1894937129203271E-01 a       161     0    11     1    11
  7.6472345925447738E-01 a       162     0    11     1    12
  2.7111760351166819E-01 a       163     0    11     1    13
 -8.5378948047317016E-01 a       164     0    11     1    14
  5.0070959922894842E-01 a       165     0    11     1    15
  2.9286108120889942E-01 a       166     0    12     1     1
 -1.0585641365469307E-01 a       167     0    12     1     2
 -8.9468427218949709E-01 a       168     0    12     1     3
  2.2095484042922078E-01 a       169     0    12     1     4
 -4.9673215596121595E-01 a       170     0    12     1     5
 -2.9628931916990736E-01 a       171     0    12     1     6
  2.8184226858785238E-01 a       172     0    12     1     7
 -1.2997753574900384E-01 a       173     0    12     1     8
  1.1888397858066762E+00 a       174     0    12     1     9
  2.4922676795335211E-01 a       175     0    12     1    10
  9.5791735421976298E-01 a       176     0    12     1    11
 -1.0914981328665236E+00 a       177     0    12     1    12
  1.0768417428080990E+00 a       178     0    12     1    13
  8.2378743196116511E-01 a       179     0    12     1    14
  4.4611124335777935E-01 a       180     0    12     1    15
  4.6782168191685847E-01 a       181     0    13     1     1
  3.2778938338139235E-01 a       182     0    13     1     2
 -1.5002333716771081E+00 a       183     0    13     1     3
 -2.9240389082057694E-01 a       184     0    13     1     4
 -1.4508975044059302E-01 a       185     0    13     1     5
 -1.6766178801569169E+00 a       186     0    13     1     6
 -6.7307731824377715E-01 a       187     0    13     1     7
  4.1918414423180668E+00 a       188     0    13     1     8
 -9.4497624243967249E-01 a       189     0    13     1     9
 -1.6922230404944849E-01 a       190     0    13     1    10
 -4.2823047251254537E-01 a       191     0    13     1    11
  1.3019721317718349E+00 a       192     0    13     1    12
 -7.1254215739221138E-01 a       193     0    13     1    13
 -3.0564335728410619E-01 a       194     0    13     1    14
  8.1689516006315216E-02 a       195     0    13     1    15
  2.1930809802558654E-01 a       196     0    14     1     1
 -7.3457994434087481E-01 a       197     0    14     1     2
  2.8462362177188688E-01 a       198     0    14     1     3
 -1.5892607383740820E-01 a       199     0    14     1     4
 -5.8193713316689621E-01 a       200     0    14     1     5
 -3.2459550475563242E-01 a       201     0    14     1     6
 -1.5402847368320383E-01 a       202     0    14     1     7
 -1.5784244114484769E+00 a       203     0    14     1     8
  1.6393600465586431E+00 a       204     0    14     1     9
 -8.0552645164013037E-01 a       205     0    14     1    10
 -1.1047581879106787E-01 a       206     0    14     1    11
 -1.7499574870442030E+00 a       207     0    14     1    12
 -6.0022249643472497E-02 a       208     0    14     1    13
 -5.4748141587347132E-01 a       209     0    14     1    14
 -1.2493336260162691E+00 a       210     0    14     1    15
 -4.3628005621132049E-01 a       211     0    15     1     1
 -9.7447297752004902E-01 a       212     0    15     1     2
  1.2857484762508751E+00 a       213     0    15     1     3
  5.2712294550304717E-01 a       214     0    15     1     4
  1.2827244858471032E+00 a       215     0    15     1     5
  1.1529306224683558E+00 a       216     0    15     1     6
  8.7280493256618930E-01 a       217     0    15     1     7
 -3.3727376239206315E+00 a       218     0    15     1     8
  7.0701246937186679E-01 a       219     0    15     1     9
 -1.8704613721781982E-01 a       220     0    15     1    10
 -7.0342602694913270E-01 a       221     0    15     1    11
 -5.6611536295252929E-01 a       222     0    15     1    12
  8.8491471840718305E-01 a       223     0    15     1    13
  6.6789914941581796E-01 a       224     0    15     1    14
 -4.8056333978778115E-01 a       225     0    15     1    15
 -2.7792316308203607E-01 a       226     0    16     1     1
  2.7503931138110405E-01 a       227     0    16     1     2
  4.8128778692017843E-02 a       228     0    16     1     3
  1.9542915337427658E-01 a       229     0    16     1     4
 -1.4159133772149080E-01 a       230     0    16     1     5
  2.7102967341893947E-01 a       231     0    16     1     6
 -5.2979738700098228E-02 a       232     0    16     1     7
  4.8862187725693301E-01 a       233     0    16     1     8
 -5.5217874017566471E-01 a       234     0    16     1     9
  1.3410651819106145E-01 a       235     0    16     1    10
  1.8094426040663573E-02 a       236     0    16     1    11
  3.8539324938195874E-01 a       237     0    16     1    12
  1.5286288563311259E-01 a       238     0    16     1    13
  1.6434220805539440E-01 a       239     0    16     1    14
  6.8952258669056499E-01 a       240     0    16     1    15
 -3.2863441669856519E-01 a       241     0    17     1     1
 -2.0849292096025671E-01 a       242     0    17     1     2
  1.0953995242652691E-01 a       243     0    17     1     3
 -2.0434673860362304E-01 a       244     0    17     1     4
  6.7184158884512146E-01 a       245     0    17     1     5
  1.1172131622880364E-02 a       246     0    17     1     6
 -2.2301407954188840E-01 a       247     0    17     1     7
  1.5423754469175810E-01 a       248     0    17     1     8
  4.6627049151943906E-01 a       249     0    17     1     9
  8.9025530496724825E-01 a       250     0    17     1    10
  7.6104768692068969E-01 a       251     0    17     1    11
  6.3064206580654869E-01 a       252     0    17     1    12
  1.2207052035271064E-01 a       253     0    17     1    13
 -5.9560168963267568E-01 a       254     0    17     1    14
 -1.2975395358381647E+00 a       255     0    17     1    15
 -2.3855583687255638E-01 a       256     0    18     1     1
  6.0951188811136883E-02 a       257     0    18     1     2
  2.6870907865838119E-02 a       258     0    18     1     3
 -2.2482124614153533E-02 a       259     0    18     1     4
 -2.4953516716113336E-01 a       260     0    18     1     5
  1.1387154749196768E+00 a       261     0    18     1     6
 -1.3970302934940565E-01 a       262     0    18     1     7
 -6.8448408313599174E-01 a       263     0    18     1     8
  3.7732738762974671E-01 a       264     0    18     1     9
  1.4876386841279951E-01 a       265     0    18     1    10
  1.9980151664814878E-02 a       266     0    18     1    11
 -2.0216845457588908E-01 a       267     0    18     1    12
 -3.3864829128519192E-01 a       268     0    18     1    13
 -3.9915147856303612E-01 a       269     0    18     1    14
 -1.1353835422847248E-02 a       270     0    18     1    15
 -2.2775529348359225E-01 a       271     0    19     1     1
  1.0134550746298534E+00 a       272     0    19     1     2
  8.6859174775707004E-01 a       273     0    19     1     3
 -2.1141111920603950E-01 a       274     0    19     1     4
 -9.4222311593221642E-01 a       275     0    19     1     5
 -2.9450900675150637E-01 a       276     0    19     1     6
  6.4083498920805770E-01 a       277     0    19     1     7
  1.0848521048676500E+00 a       278     0    19     1     8
 -4.4145581544630369E-01 a       279     0    19     1     9
 -1.0823885501058483E+00 a       280     0    19     1    10
  8.0693917094776968E-01 a       281     0    19     1    11
 -8.8986758187140902E-01 a       282     0    19     1    12
  4.2107742459506387E-01 a       283     0    19     1    13
  3.3628132527817817E-01 a       284     0    19     1    14
 -5.4176740147405733E-01 a       285     0    19     1    15
  6.6368275349968675E-01 a       286     0    20     1     1
 -4.8523262995916278E-01 a       287     0    20     1     2
 -7.7103228370465893E-01 a       288     0    20     1     3
 -1.1747211512039897E+00 a       289     0    20     1     4
 -2.7942020184409050E-01 a       290     0    20     1     5
  3.1741272334579559E-02 a       291     0    20     1     6
  4.3284416636746592E-01 a       292     0    20     1     7
  3.4280836372751161E-01 a       293     0    20     1     8
  6.5931351533556548E-01 a       294     0    20     1     9
  5.6156986795314656E-01 a       295     0    20     1    10
 -6.3130409118865405E-01 a       296     0    20     1    11
 -6.2185255518505533E-01 a       297     0    20     1    12
  2.4552068126159435E-01 a       298     0    20     1    13
  2.4461764746899156E-01 a       299     0    20     1    14
 -4.2579009044302635E-01 a       300     0    20     1    15
  4.5049117629322638E-01 a       301     0    21     1     1
 -5.7745313330668613E-01 a       302     0    21     1     2
  3.5204172846937859E-01 a       303     0    21     1     3
  1.1950095888959524E+00 a       304     0    21     1     4
  1.7458306067665491E-01 a       305     0    21     1     5
  1.2039525158669451E+00 a       306     0    21     1     6
 -4.7223716155295248E-01 a       307     0    21     1     7
 -1.8175107477315675E-01 a       308     0    21     1     8
 -7.6029385493768975E-02 a       309     0    21     1     9
 -2.6335891805398554E-01 a       310     0    21     1    10
  3.5636172012019324E-01 a       311     0    21     1    11
 -9.4001630871342473E-03 a       312     0    21     1    12
  1.2590094306299068E-01 a       313     0    21     1    13
  7.1654334008260057E-01 a       314     0    21     1    14
  2.9308084497750037E-01 a       315     0    21     1    15
 -4.7195918286501742E-01 a       316     0    22     1     1
  6.9644042721170851E-01 a       317     0    22     1     2
 -2.7609116346473939E-01 a       318     0    22     1     3
 -1.0146235108090225E+00 a       319     0    22     1     4
 -1.2420359116035844E+00 a       320     0    22     1     5
  9.4754502732609225E-01 a       321     0    22     1     6
 -5.5092721520373555E-01 a       322     0    22     1     7
  5.5041137397945450E-01 a       323     0    22     1     8
 -1.4023883644100521E+00 a       324     0    22     1     9
  2.8479610290496932E-01 a       325     0    22     1    10
 -4.8163012164759816E-01 a       326     0    22     1    11
  1.1740625897853786E-01 a       327     0    22     1    12
  5.1557313317836895E-01 a       328     0    22     1    13
 -1.8396820706052992E+00 a       329     0    22     1    14
 -4.0065167035908678E-02 a       330     0    22     1    15
  1.8769854764623914E-01 a       331     0    23     1     1
  3.6401855164404284E-01 a       332     0    23     1     2
  2.5273462674000252E-01 a       333     0    23     1     3
  3.6247310570731722E-01 a       334     0    23     1     4
 -4.1244765431782571E-01 a       335     0    23     1     5
 -5.6378923953951565E-01 a       336     0    23     1     6
 -8.7784948557050504E-02 a       337     0    23     1     7
  1.2042275772664861E-01 a       338     0    23     1     8
 -2.6403771476370524E-01 a       339     0    23     1     9
  3.7339925861275665E-02 a       340     0    23     1    10
 -1.0393353802403327E+00 a       341     0    23     1    11
 -2.4787363541548210E-01 a       342     0    23     1    12
 -8.7120759311163046E-02 a       343     0    23     1    13
  5.6610890427450843E-02 a       344     0    23     1    14
  6.5592846000950777E-01 a       345     0    23     1    15
  3.0745386457333882E-02 a       346     0    24     1     1
 -5.0713015714481036E-01 a       347     0    24     1     2
  1.5603652574309093E+00 a       348     0    24     1     3
  7.8568808406651569E-01 a       349     0    24     1     4
 -2.1930903690356010E-01 a       350     0    24     1     5
  1.4250493195097733E-01 a       351     0    24     1     6
  1.0893151572000883E+00 a       352     0    24     1     7
  7.6659428177514122E-01 a       353     0    24     1     8
 -2.9442438101016905E-01 a       354     0    24     1     9
 -6.7390555798936869E-01 a       355     0    24     1    10
 -3.5510399966477313E-01 a       356     0    24     1    11
  3.6171376160510021E-01 a       357     0    24     1    12
  2.5650814163629376E-01 a       358     0    24     1    13
  2.3383414945120359E-01 a       359     0    24     1    14
  3.3668111348214807E-03 a       360     0    24     1    15
  1.1660214221399193E-01 a       361     0    25     1     1
 -7.6616943832201545E-01 a       362     0    25     1     2
  3.9359785948121551E-01 a       363     0    25     1     3
  3.8699039152759990E-01 a       364     0    25     1     4
  1.5443962364089678E-01 a       365     0    25     1     5
  2.9125308336718464E-01 a       366     0    25     1     6
  1.2256019685876957E-01 a       367     0    25     1     7
 -8.8986864684295242E-01 a       368     0    25     1     8
  1.2528018877323308E-01 a       369     0    25     1     9
  6.4714266966164169E-02 a       370     0    25     1    10
  7.4056075543031241E-01 a       371     0    25     1    11
  3.1561254029610714E-01 a       372     0    25     1    12
 -8.8124363234237502E-01 a       373     0    25     1    13
  1.2886134688054698E-01 a       374     0    25     1    14
  1.9550749482571572E-01 a       375     0    25     1    15
 -6.3112961908815779E-01 a       376     0    26     1     1
 -1.0979103993380612E+00 a       377     0    26     1     2
 -1.1506938759387575E-02 a       378     0    26     1     3
 -8.6737668500765497E-01 a       379     0    26     1     4
 -1.0347932977485748E+00 a       380     0    26     1     5
 -7.8077724899382539E-01 a       381     0    26     1     6
  2.2497709804664112E-01 a       382     0    26     1     7
 -2.7177856728227479E-01 a       383     0    26     1     8
 -7.5328865129362288E-01 a       384     0    26     1     9
  1.1872219847836347E+00 a       385     0    26     1    10
 -3.5626609676530246E-01 a       386     0    26     1    11
  6.8112709519308270E-02 a       387     0    26     1    12
 -3.4361436694108244E-01 a       388     0    26     1    13
  3.8493160008127802E-01 a       389     0    26     1    14
 -1.7130208049538229E-01 a       390     0    26     1    15
 -1.6469154827195578E-01 a       391     0    27     1     1
 -2.4036528832623263E-01 a       392     0    27     1     2
  4.7368185712743927E-01 a       393     0    27     1     3
  2.6111360440838078E-02 a       394     0    27     1     4
  4.7773165794044603E-01 a       395     0    27     1     5
  5.7451376613408256E-01 a       396     0    27     1     6
 -9.4552839031531253E-03 a       397     0    27     1     7
  2.0864734488692541E-01 a       398     0    27     1     8
  1.3535055003689869E-01 a       399     0    27     1     9
 -1.0965103453523255E+00 a       400     0    27     1    10
  3.5490971069143673E-01 a       401     0    27     1    11
  4.4232599818693624E-01 a       402     0    27     1    12
 -1.6617049497752326E-01 a       403     0    27     1    13
 -2.4849481971775395E-01 a       404     0    27     1    14
  1.2013013711422486E-01 a       405     0    27     1    15
  1.4841688101494955E-02 a       406     0    28     1     1
 -1.9140403136081799E-01 a       407     0    28     1     2
 -5.4916314127435195E-01 a       408     0    28     1     3
 -3.5923052481729240E-01 a       409     0    28     1     4
 -9.0543272928828211E-01 a       410     0    28     1     5
 -8.2175252977484758E-01 a       411     0    28     1     6
  2.7975183851816154E-01 a       412     0    28     1     7
  2.9255410000273058E-01 a       413     0    28     1     8
  3.4962506375341172E-02 a       414     0    28     1     9
  6.1093179657490537E-01 a       415     0    28     1    10
 -9.6135741656921947E-01 a       416     0    28     1    11
  7.2852376618273790E-02 a       417     0    28     1    12
 -2.2222610851693048E-01 a       418     0    28     1    13
  4.9338194709149874E-01 a       419     0    28     1    14
 -2.6431273372473785E-01 a       420     0    28     1    15
  1.7697116266777460E-01 a       421     0    29     1     1
  2.0164463259092469E+00 a       422     0    29     1     2
 -4.9709988541353756E-01 a       423     0    29     1     3
  5.1246854341606929E-01 a       424     0    29     1     4
 -3.3526691978202328E-01 a       425     0    29     1     5
  4.7803871510984314E-01 a       426     0    29     1     6
  1.0331721674204233E+00 a       427     0    29     1     7
 -6.7893793796659074E-01 a       428     0    29     1     8
 -8.9897710882617277E-01 a       429     0    29     1     9
  1.0334027952845306E+00 a       430     0    29     1    10
  8.5944037290590414E-01 a       431     0    29     1    11
 -4.2613228748763124E-02 a       432     0    29     1    12
 -8.1450880652236457E-01 a       433     0    29     1    13
  2.5477437574539352E-01 a       434     0    29     1    14
  3.3012921418033325E-01 a       435     0    29     1    15
  4.5593050742205915E-01 a       436     0    30     1     1
  9.8608625588664089E-01 a       437     0    30     1     2
 -3.4856759032538487E-01 a       438     0    30     1     3
 -8.8897723823401342E-01 a       439     0    30     1     4
  2.1423342250820876E-01 a       440     0    30     1     5
 -9.3216623755694439E-01 a       441     0    30     1     6
 -1.7546544672299808E-01 a       442     0    30     1     7
  9.3059111457045093E-03 a       443     0    30     1     8
  1.8493966955819960E-01 a       444     0    30     1     9
 -7.9685616516231794E-01 a       445     0    30     1    10
  3.9338749303093962E-01 a       446     0    30     1    11
 -2.3307307723277562E-01 a       447     0    30     1    12
  9.6310163556089012E-01 a       448     0    30     1    13
  1.4273215345131166E-01 a       449     0    30     1    14
 -1.0074310190765616E+00 a       450     0    30     1    15
  4.8993593092066322E-02 a       451     0    31     1     1
  6.7297200488340578E-02 a       452     0    31     1     2
 -9.0759052692607900E-01 a       453     0    31     1     3
  7.7745639261718824E-01 a       454     0    31     1     4
 -8.7118810740401864E-01 a       455     0    31     1     5
 -7.3259881514607728E-01 a       456     0    31     1     6
  1.0581592291641702E+00 a       457     0    31     1     7
  2.4617108647385899E-01 a       458     0    31     1     8
 -2.1954509561784744E-01 a       459     0    31     1     9
  2.9100311268901091E-01 a       460     0    31     1    10
 -5.8150968079581700E-01 a       461     0    31     1    11
 -5.0599149877716609E-01 a       462     0    31     1    12
  2.1063469392449116E-01 a       463     0    31     1    13
  8.0246009420220943E-01 a       464     0    31     1    14
 -6.1054077614285462E-01 a       465     0    31     1    15
 -5.0699433148220918E-01 a       466     0    32     1     1
  2.5027645818291339E-01 a       467     0    32     1     2
 -3.0693249273976660E-02 a       468     0    32     1     3
 -2.6793203066696414E-01 a       469     0    32     1     4
 -1.2225242775743290E+00 a       470     0    32     1     5
 -1.1693480084955721E+00 a       471     0    32     1     6
 -2.1153487263629533E+00 a       472     0    32     1     7
  1.8602185167305799E-01 a       473     0    32     1     8
 -4.4726747982803843E-02 a       474     0    32     1     9
  2.2901677305919488E-01 a       475     0    32     1    10
 -1.1228402582825305E-01 a       476     0    32     1    11
  5.9925831512785899E-01 a       477     0    32     1    12
  3.2678996150391509E-01 a       478     0    32     1    13
 -4.5132687417942557E-01 a       479     0    32     1    14
  8.5361506106795815E-01 a       480     0    32     1    15
 -8.1024259916351260E-01 a       481     0    33     1     1
  7.3743055921786249E-01 a       482     0    33     1     2
 -1.4499057078899688E-01 a       483     0    33     1     3
 -1.2113738956888973E+00 a       484     0    33     1     4
 -1.9774864945248252E-01 a       485     0    33     1     5
 -1.5268480100872406E-01 a       486     0    33     1     6
 -3.1961894317086703E-01 a       487     0    33     1     7
  1.1461429962408021E+00 a       488     0    33     1     8
  2.3267699157517210E-01 a       489     0    33     1     9
 -8.7058536269288431E-02 a       490     0    33     1    10
  8.2457245382076838E-01 a       491     0    33     1    11
  9.2719764406539312E-02 a       492     0    33     1    12
 -8.1734658112502134E-01 a       493     0    33     1    13
 -9.1726476761290687E-01 a       494     0    33     1    14
  3.0614705651865537E-01 a       495     0    33     1    15
  7.5614888537347014E-01 a       496     0    34     1     1
 -2.6689172861710669E-01 a       497     0    34     1     2
 -5.1122801598835865E-01 a       498     0    34     1     3
 -8.0408158118414130E-01 a       499     0    34     1     4
 -3.7193763459410434E-01 a       500     0    34     1     5
 -5.2695359626552307E-01 a       501     0    34     1     6
  9.7096620343781503E-01 a       502     0    34     1     7
 -2.0356118853153643E-01 a       503     0    34     1     8
  6.0036173007195770E-01 a       504     0    34     1     9
 -1.4103836129924301E+00 a       505     0    34     1    10
  1.1175311977712624E-01 a       506     0    34     1    11
  1.8269038549825781E-01 a       507     0    34     1    12
  6.7323105389417903E-01 a       508     0    34     1    13
  9.5866631671929337E-01 a       509     0    34     1    14
  9.4400235156338580E-02 a       510     0    34     1    15
 -1.8844807183230852E-01 a       511     0    35     1     1
 -6.9293877465071441E-01 a       512     0    35     1     2
  2.1571342989090930E-01 a       513     0    35     1     3
  5.0000709476091688E-03 a       514     0    35     1     4
  6.8592716519742780E-01 a       515     0    35     1     5
  6.4323697450980222E-01 a       516     0    35     1     6
 -1.7561128187019165E-01 a       517     0    35     1     7
 -8.5347448600886736E-02 a       518     0    35     1     8
  1.3587554162176901E-01 a       519     0    35     1     9
 -1.1152940017840911E+00 a       520     0    35     1    10
  5.9000465011585246E-01 a       521     0    35     1    11
 -4.4101772790425897E-01 a       522     0    35     1    12
  2.2073251852267256E-01 a       523     0    35     1    13
  4.5619518628784661E-01 a       524     0    35     1    14
  1.4789270902517376E-01 a       525     0    35     1    15
  3.3468937083750455E-02 a       526     0    36     1     1
  2.4698698563224178E-01 a       527     0    36     1     2
 -1.0638307423520463E+00 a       528     0    36     1     3
  3.6590265509099745E-01 a       529     0    36     1     4
 -6.6402954594954777E-01 a       530     0    36     1     5
 -5.6389785686905491E-01 a       531     0    36     1     6
 -6.8808152828558466E-01 a       532     0    36     1     7
 -4.0214706134133177E-01 a       533     0    36     1     8
 -1.4902129432013012E-01 a       534     0    36     1     9
 -1.7768983374918815E-01 a       535     0    36     1    10
 -4.1502820678553193E-01 a       536     0    36     1    11
 -6.7361610877767797E-01 a       537     0    36     1    12
 -1.3702247106140994E-01 a       538     0    36     1    13
  3.9078041073526970E-01 a       539     0    36     1    14
  6.6607006651366329E-01 a       540     0    36     1    15
 -1.8969544010429221E-01 a       541     0    37     1     1
 -1.6251297844528348E-01 a       542     0    37     1     2
 -9.8090941767244522E-01 a       543     0    37     1     3
  2.7006184640254016E-01 a       544     0    37     1     4
  7.2087643251035083E-01 a       545     0    37     1     5
 -4.6493534324521574E-01 a       546     0    37     1     6
  1.8785469952037312E-01 a       547     0    37     1     7
  5.3123975236460885E-01 a       548     0    37     1     8
  1.2920021522494902E+00 a       549     0    37     1     9
 -5.4624549319451898E-01 a       550     0    37     1    10
 -6.2559694119623510E-01 a       551     0    37     1    11
  3.0542492445512404E-01 a       552     0    37     1    12
  2.3801778611190977E-01 a       553     0    37     1    13
 -9.3328966745200870E-01 a       554     0    37     1    14
  1.0543242007718878E+00 a       555     0    37     1    15
  6.2168273258101292E-01 a       556     0    38     1     1
  2.8408979433786902E-01 a       557     0    38     1     2
  6.2345145363207877E-01 a       558     0    38     1     3
  1.5581883917037807E+00 a       559     0    38     1     4
  1.1401583819905092E+00 a       560     0    38     1     5
  1.6578610253418915E+00 a       561     0    38     1     6
  2.1429062963671705E-01 a       562     0    38     1     7
  2.5254024269862391E-01 a       563     0    38     1     8
  3.8806463336832026E-01 a       564     0    38     1     9
 -5.5796516115556416E-01 a       565     0    38     1    10
 -4.2492334485186306E-01 a       566     0    38     1    11
  1.7713854202578963E-01 a       567     0    38     1    12
  3.3454454364365294E-01 a       568     0    38     1    13
  2.3183549337708964E-01 a       569     0    38     1    14
 -9.6542048898960342E-02 a       570     0    38     1    15
  2.2418992951027097E-01 a       571     0    39     1     1
  2.2434264078273281E-01 a       572     0    39     1     2
 -7.2575225697588797E-01 a       573     0    39     1     3
 -6.5239438854978271E-01 a       574     0    39     1     4
  8.3380248480887556E-02 a       575     0    39     1     5
 -1.4779650070655936E-01 a       576     0    39     1     6
  1.8566501148642056E-01 a       577     0    39     1     7
 -4.3849002350133409E-01 a       578     0    39     1     8
 -5.9743795964962987E-01 a       579     0    39     1     9
 -6.2915337515552794E-01 a       580     0    39     1    10
 -2.3113271022176932E-01 a       581     0    39     1    11
 -5.9372060417135664E-01 a       582     0    39     1    12
  2.6072537791423595E-01 a       583     0    39     1    13
 -6.0049375904398336E-02 a       584     0    39     1    14
 -4.3750380938720906E-01 a       585     0    39     1    15
  4.3002574681388225E-02 a       586     0    40     1     1
  3.3401293524963689E-02 a       587     0    40     1     2
  1.4149924854749676E-01 a       588     0    40     1     3
  3.6313593874335880E-02 a       589     0    40     1     4
  4.8266456241613143E-01 a       590     0    40     1     5
 -2.8788753170975456E-01 a       591     0    40     1     6
 -8.7888991992790072E-02 a       592     0    40     1     7
  8.0910042472640262E-02 a       593     0    40     1     8
  6.5523716155638456E-01 a       594     0    40     1     9
  5.6254145516808580E-02 a       595     0    40     1    10
  8.3109868078202059E-02 a       596     0    40     1    11
 -1.1369990353367387E+00 a       597     0    40     1    12
  3.8215964409758679E-01 a       598     0    40     1    13
 -1.5561314846705376E-01 a       599     0    40     1    14
  5.7637091056589027E-02 a       600     0    40     1    15
  1.4418012074515241E-01 a       601     0    41     1     1
 -1.5856428274349241E+00 a       602     0    41     1     2
 -8.4589728525644470E-01 a       603     0    41     1     3
 -7.4142635262821965E-01 a       604     0    41     1     4
 -4.7793073501064237E-01 a       605     0    41     1     5
 -6.4533294641063854E-01 a       606     0    41     1     6
  7.0693830004312452E-01 a       607     0    41     1     7
  3.6002138779437576E-01 a       608     0    41     1     8
  9.0229324539251521E-01 a       609     0    41     1     9
  7.7731117534468075E-01 a       610     0    41     1    10
 -9.2203260434427115E-01 a       611     0    41     1    11
 -1.6463201030735741E-02 a       612     0    41     1    12
  1.5216180848249585E+00 a       613     0    41     1    13
  1.1800396274024173E-01 a       614     0    41     1    14
 -8.6803476832595927E-01 a       615     0    41     1    15
 -2.1656137745354057E-01 a       616     0    42     1     1
  1.9636979526048035E-01 a       617     0    42     1     2
  3.6345312006193958E-01 a       618     0    42     1     3
 -1.3541662420591341E-01 a       619     0    42     1     4
 -7.2288440168070311E-01 a       620     0    42     1     5
 -6.5285679789409815E-02 a       621     0    42     1     6
  3.5386237249606600E-01 a       622     0    42     1     7
  9.1496062111247736E-02 a       623     0    42     1     8
  2.8547055782166553E-01 a       624     0    42     1     9
 -6.1877749001522160E-02 a       625     0    42     1    10
  5.7857064873760677E-01 a       626     0    42     1    11
 -4.2184694266520391E-02 a       627     0    42     1    12
 -6.1783444215144656E-01 a       628     0    42     1    13
  2.9441135859121925E-01 a       629     0    42     1    14
  1.1355200829627507E-01 a       630     0    42     1    15
  3.9822158538496853E-03 a       631     0    43     1     1
  7.7460968525009111E-01 a       632     0    43     1     2
 -1.3902079855925349E+00 a       633     0    43     1     3
  7.1416288827283081E-01 a       634     0    43     1     4
 -1.3479071339336940E-01 a       635     0    43     1     5
 -1.4260024860065798E-01 a       636     0    43     1     6
 -3.0662085410036594E-02 a       637     0    43     1     7
 -3.4756834203923881E-01 a       638     0    43     1     8
 -1.1408682591224260E+00 a       639     0    43     1     9
  5.7109363255769685E-01 a       640     0    43     1    10
  1.8853261998632606E-01 a       641     0    43     1    11
 -3.5959097203076096E-01 a       642     0    43     1    12
 -1.5255908972869381E-01 a       643     0    43     1    13
  2.5273800180661682E-01 a       644     0    43     1    14
 -9.2545284415272622E-01 a       645     0    43     1    15
 -1.6274276026719806E-01 a       646     0    44     1     1
  6.1650152029673067E-01 a       647     0    44     1     2
  9.8699435595555085E-01 a       648     0    44     1     3
  5.3302025187432800E-01 a       649     0    44     1     4
  1.6505393414486158E+00 a       650     0    44     1     5
  3.7351725160231392E-01 a       651     0    44     1     6
  6.1845141360396516E-01 a       652     0    44     1     7
 -4.2778121924378931E-01 a       653     0    44     1     8
 -9.8229685461582805E-01 a       654     0    44     1     9
  1.3641312747936912E-01 a       655     0    44     1    10
 -3.0568348933806716E-01 a       656     0    44     1    11
  2.8666732933231598E-01 a       657     0    44     1    12
 -1.2310316092974474E+00 a       658     0    44     1    13
  2.2047190680397539E-03 a       659     0    44     1    14
  1.2080710184514393E-01 a       660     0    44     1    15
  2.0690729308329553E-01 a       661     0    45     1     1
 -1.0422535590373507E+00 a       662     0    45     1     2
  2.2310598854081629E-01 a       663     0    45     1     3
  1.3996232479165076E+00 a       664     0    45     1     4
  3.3415079384168722E-01 a       665     0    45     1     5
  3.6587523838840973E-02 a       666     0    45     1     6
  5.9414381416229689E-01 a       667     0    45     1     7
 -3.6651780427736214E-01 a       668     0    45     1     8
 -5.6749014100947381E-01 a       669     0    45     1     9
  2.9479957199587981E-01 a       670     0    45     1    10
 -5.6362223142603118E-01 a       671     0    45     1    11
  8.1872264005753245E-02 a       672     0    45     1    12
  5.3267513837018077E-01 a       673     0    45     1    13
 -1.5517039341387465E-01 a       674     0    45     1    14
  3.0343642854953090E-01 a       675     0    45     1    15
 -1.3316630320183648E-01 a       676     0    46     1     1
 -4.5033683317095258E-01 a       677     0    46     1     2
 -2.2359730861640528E-01 a       678     0    46     1     3
  7.2578822355615058E-01 a       679     0    46     1     4
  2.1736767635408136E-01 a       680     0    46     1     5
 -1.0805828248625597E-01 a       681     0    46     1     6
 -4.7071215632454910E-01 a       682     0    46     1     7
 -6.6090753166583283E-01 a       683     0    46     1     8
  6.3709713229946285E-01 a       684     0    46     1     9
  2.6013460966113877E-01 a       685     0    46     1    10
 -2.1689426378358892E-01 a       686     0    46     1    11
  1.4406778997898492E-01 a       687     0    46     1    12
  1.3128412162817958E-02 a       688     0    46     1    13
  6.5630338600100879E-01 a       689     0    46     1    14
 -8.2571341148140243E-01 a       690     0    46     1    15
  3.9884103828973325E-02 a       691     0    47     1     1
  2.1935075273331495E-01 a       692     0    47     1     2
 -1.0945068117619486E-01 a       693     0    47     1     3
 -2.5242602420211317E-02 a       694     0    47     1     4
  4.2187225706911878E-02 a       695     0    47     1     5
 -8.4709201500181047E-02 a       696     0    47     1     6
  1.1756902598041113E-01 a       697     0    47     1     7
  9.7149134044451149E-03 a       698     0    47     1     8
  2.5427726558788960E-01 a       699     0    47     1     9
  2.4327386715610658E-01 a       700     0    47     1    10
  2.6396764395090599E-01 a       701     0    47     1    11
  3.5071869958859314E-01 a       702     0    47     1    12
 -3.2347677000241420E-01 a       703     0    47     1    13
 -6.9096484225679322E-01 a       704     0    47     1    14
 -3.7875817321385669E-01 a       705     0    47     1    15
  1.0665427898976367E-02 a       706     0    48     1     1
 -2.4181154429436003E-01 a       707     0    48     1     2
  4.4782873616411284E-01 a       708     0    48     1     3
 -1.8841837031742451E-01 a       709     0    48     1     4
  7.7320936653425021E-01 a       710     0    48     1     5
  4.3959126343989297E-01 a       711     0    48     1     6
 -7.2701974973814268E-02 a       712     0    48     1     7
 -1.0951129327922665E-01 a       713     0    48     1     8
  5.7572858316789099E-01 a       714     0    48     1     9
 -1.2361570234107686E-01 a       715     0    48     1    10
  1.4501569126978930E-01 a       716     0    48     1    11
  9.0447939019165632E-02 a       717     0    48     1    12
  9.7190144161834052E-02 a       718     0    48     1    13
 -6.0703184863008242E-01 a       719     0    48     1    14
 -3.5461921883246378E-01 a       720     0    48     1    15
  8.0599059627833855E-02 a       721     0    49     1     1
  2.4373343646252718E-01 a       722     0    49     1     2
  2.0070319088838320E-01 a       723     0    49     1     3
 -8.8976813512185371E-01 a       724     0    49     1     4
  7.2063260333246157E-02 a       725     0    49     1     5
 -1.9971196233897470E-01 a       726     0    49     1     6
 -6.7623295743812151E-01 a       727     0    49     1     7
 -8.7021919610390144E-02 a       728     0    49     1     8
 -9.6024514592710175E-01 a       729     0    49     1     9
  1.8754944834182391E-01 a       730     0    49     1    10
 -1.0744069845526509E-01 a       731     0    49     1    11
 -8.6246762000168664E-01 a       732     0    49     1    12
  4.8630006510651624E-01 a       733     0    49     1    13
  1.3211574987634625E-01 a       734     0    49     1    14
 -4.4931175451438687E-01 a       735     0    49     1    15
 -6.5869044065166624E-02 a       736     0    50     1     1
 -4.5075051735572969E-01 a       737     0    50     1     2
  3.9647793326485117E-02 a       738     0    50     1     3
 -2.0174461950511738E-01 a       739     0    50     1     4
 -3.6700975702673455E-01 a       740     0    50     1     5
  1.1765145600235549E-01 a       741     0    50     1     6
  6.4843868677285088E-01 a       742     0    50     1     7
 -3.1195565654095692E-01 a       743     0    50     1     8
  7.2597839130767705E-01 a       744     0    50     1     9
 -6.5296572382293827E-01 a       745     0    50     1    10
  5.5675691100287750E-01 a       746     0    50     1    11
 -9.4312904637159134E-01 a       747     0    50     1    12
  3.3085616458279687E-01 a       748     0    50     1    13
 -3.1310553563329385E-01 a       749     0    50     1    14
  3.2482583310251201E-01 a       750     0    50     1    15
 -5.9018088366773677E-02 a       751     0    51     1     1
 -6.4001196736199001E-02 a       752     0    51     1     2
  1.8131433020003315E-01 a       753     0    51     1     3
 -6.3362767011794174E-01 a       754     0    51     1     4
 -1.6020391632356950E-02 a       755     0    51     1     5
  6.0427931373082291E-02 a       756     0    51     1     6
  1.3245754234766360E-01 a       757     0    51     1     7
  4.5494305885674186E-02 a       758     0    51     1     8
 -1.2160280841487579E-01 a       759     0    51     1     9
  7.4546351390735011E-02 a       760     0    51     1    10
 -1.9471572546347668E-01 a       761     0    51     1    11
  3.2417010985419364E-01 a       762     0    51     1    12
 -6.8129529359438362E-02 a       763     0    51     1    13
  4.9989035223083728E-01 a       764     0    51     1    14
 -1.4497611891835235E-01 a       765     0    51     1    15
 -3.7509027588951652E-02 a       766     0    52     1     1
  1.5090096023295649E-01 a       767     0    52     1     2
 -1.1649130886113146E-01 a       768     0    52     1     3
 -2.9831861745946792E-01 a       769     0    52     1     4
 -1.1112828445614625E-01 a       770     0    52     1     5
  4.5557705053344766E-01 a       771     0    52     1     6
 -6.7897476402145862E-01 a       772     0    52     1     7
 -1.0842047796202750E-01 a       773     0    52     1     8
 -2.6412084514368145E-01 a       774     0    52     1     9
 -3.4555033709151306E-01 a       775     0    52     1    10
  1.3969703660479811E+00 a       776     0    52     1    11
  7.3316509942356389E-01 a       777     0    52     1    12
 -4.1451067610104260E-02 a       778     0    52     1    13
 -2.5324943062351024E-01 a       779     0    52     1    14
  2.1502785714048456E-01 a       780     0    52     1    15
 -1.1254257450899231E-01 a       781     0    53     1     1
  3.7281385567529568E-01 a       782     0    53     1     2
  4.9603909094633908E-01 a       783     0    53     1     3
  5.0318601010578512E-01 a       784     0    53     1     4
 -1.3823135891275687E-01 a       785     0    53     1     5
  1.2840009585541573E-01 a       786     0    53     1     6
 -5.3015047122466308E-01 a       787     0    53     1     7
 -1.3826476640666868E-01 a       788     0    53     1     8
 -3.4586019086501452E-01 a       789     0    53     1     9
  4.5244200512814170E-01 a       790     0    53     1    10
  3.4843599339443049E-01 a       791     0    53     1    11
 -1.1563231905483623E-01 a       792     0    53     1    12
 -8.7476816035915761E-01 a       793     0    53     1    13
 -1.3390052726371601E-01 a       794     0    53     1    14
  2.0621677549566586E-01 a       795     0    53     1    15
  4.1790440856177488E-02 a       796     0    54     1     1
 -2.9711569837630669E-01 a       797     0    54     1     2
  1.1873773270331511E-01 a       798     0    54     1     3
  3.4966544823708090E-01 a       799     0    54     1     4
  6.8549964462342927E-01 a       800     0    54     1     5
  1.1765704707260811E+00 a       801     0    54     1     6
  1.7451862991570125E-01 a       802     0    54     1     7
  9.7716671997832155E-02 a       803     0    54     1     8
 -1.2065619460212693E-01 a       804     0    54     1     9
 -4.1612903101597744E-02 a       805     0    54     1    10
 -7.9578847275486933E-02 a       806     0    54     1    11
  2.3276104857367710E-01 a       807     0    54     1    12
  1.7018767272483895E-01 a       808     0    54     1    13
 -4.5694356032341793E-01 a       809     0    54     1    14
  1.8191479741887576E-01 a       810     0    54     1    15
  1.5506506011422791E-01 a       811     0    55     1     1
 -4.7495705127277738E-01 a       812     0    55     1     2
 -3.1619591705678718E-01 a       813     0    55     1     3
 -7.6260968254171857E-01 a       814     0    55     1     4
  1.3388647228817882E-01 a       815     0    55     1     5
 -5.4498630735693321E-01 a       816     0    55     1     6
  2.9920515233265754E-01 a       817     0    55     1     7
  4.5935324294051183E-01 a       818     0    55     1     8
  6.7351036635154093E-01 a       819     0    55     1     9
 -3.2377711331041870E-01 a       820     0    55     1    10
 -1.5401783174354214E-01 a       821     0    55     1    11
  2.6117493167645212E-01 a       822     0    55     1    12
  2.5321400636343216E-01 a       823     0    55     1    13
  2.1598229546696482E-01 a       824     0    55     1    14
 -8.0877035423595783E-02 a       825     0    55     1    15
  1.1679817786100874E-01 a       826     0    56     1     1
 -4.8920911414750259E-02 a       827     0    56     1     2
 -3.1878591033217224E-01 a       828     0    56     1     3
  2.1728040180867289E-01 a       829     0    56     1     4
 -5.4920912720180459E-01 a       830     0    56     1     5
  3.4149921244054338E-01 a       831     0    56     1     6
 -2.1476469539891033E-02 a       832     0    56     1     7
  2.6825252748748599E-02 a       833     0    56     1     8
  3.3731538962132701E-01 a       834     0    56     1     9
 -2.6332022456867377E-01 a       835     0    56     1    10
  4.2588979592774523E-01 a       836     0    56     1    11
 -1.3944248352627811E-01 a       837     0    56     1    12
  7.1233470391536247E-01 a       838     0    56     1    13
  3.9953958251392829E-01 a       839     0    56     1    14
  3.0680893734756021E-01 a       840     0    56     1    15
 -4.9460358854624319E-02 a       841     0    57     1     1
  3.6976681013058588E-01 a       842     0    57     1     2
  2.7418999976604780E-01 a       843     0    57     1     3
  2.4148787354108878E-01 a       844     0    57     1     4
  1.7764460149196501E-01 a       845     0    57     1     5
  1.2761296958581753E-01 a       846     0    57     1     6
  7.9299395041378867E-02 a       847     0    57     1     7
  5.1671591354949135E-02 a       848     0    57     1     8
  1.4772801001465019E-01 a       849     0    57     1     9
 -2.1393169026689689E-02 a       850     0    57     1    10
  4.9619799409160226E-02 a       851     0    57     1    11
 -3.0327494338339731E-02 a       852     0    57     1    12
 -2.2795289596163534E-01 a       853     0    57     1    13
  2.8357270807295232E-01 a       854     0    57     1    14
 -3.0518051542623681E-01 a       855     0    57     1    15
 -2.4631227267713576E-01 a       856     0    58     1     1
  3.9836021509326047E-01 a       857     0    58     1     2
  5.0149419274450713E-01 a       858     0    58     1     3
 -8.3501840995285043E-02 a       859     0    58     1     4
 -1.0755756851062270E-01 a       860     0    58     1     5
  1.6794631250888786E-01 a       861     0    58     1     6
  1.3330051352994277E-01 a       862     0    58     1     7
  6.1713612829239217E-01 a       863     0    58     1     8
 -4.0088725935594099E-01 a       864     0    58     1     9
  1.1915599891879151E-01 a       865     0    58     1    10
 -3.8308550352782150E-01 a       866     0    58     1    11
  2.7515720392988074E-01 a       867     0    58     1    12
 -6.5334269581607052E-01 a       868     0    58     1    13
 -4.3080368962523019E-01 a       869     0    58     1    14
  5.2386004024585631E-01 a       870     0    58     1    15
  2.7774531414860339E-02 a       871     0    59     1     1
  1.9203759183641391E-02 a       872     0    59     1     2
 -9.1331247717359842E-02 a       873     0    59     1     3
 -1.8823143534930725E-01 a       874     0    59     1     4
 -1.7246583083668443E-01 a       875     0    59     1     5
  1.1650286256661513E-03 a       876     0    59     1     6
  7.9207758991240981E-02 a       877     0    59     1     7
  3.9956982050439030E-02 a       878     0    59     1     8
 -1.1459613948919409E-01 a       879     0    59     1     9
 -5.5590061955546910E-01 a       880     0    59     1    10
 -1.7798071203124666E-01 a       881     0    59     1    11
 -3.3435632384465763E-01 a       882     0    59     1    12
  2.9241996581021784E-01 a       883     0    59     1    13
  1.9006011821758553E-01 a       884     0    59     1    14
  1.7037776710303174E-01 a       885     0    59     1    15
 -3.2655734992130731E-03 a       886     0    60     1     1
  1.2368927515742881E-01 a       887     0    60     1     2
 -2.3501106102074470E-01 a       888     0    60     1     3
  2.0348124455091426E-01 a       889     0    60     1     4
 -2.7337593260838056E-01 a       890     0    60     1     5
 -2.4455827412332115E-01 a       891     0    60     1     6
  3.2196201044808317E-02 a       892     0    60     1     7
  9.1140662065965338E-03 a       893     0    60     1     8
 -2.6598051176868642E-01 a       894     0    60     1     9
 -1.8847936585061495E-01 a       895     0    60     1    10
 -1.0839764989328952E-01 a       896     0    60     1    11
  2.2085064969942437E-02 a       897     0    60     1    12
 -1.7772241994460168E-02 a       898     0    60     1    13
  2.8725947427438675E-01 a       899     0    60     1    14
  4.4049670831686767E-02 a       900     0    60     1    15
 -6.1319485053867161E-02 a       901     0    61     1     1
  3.7485969478160838E-02 a       902     0    61     1     2
  1.3034355709897038E-02 a       903     0    61     1     3
  6.1076523790130310E-01 a       904     0    61     1     4
 -1.7966552374942288E-01 a       905     0    61     1     5
 -2.6654161674565580E-01 a       906     0    61     1     6
  2.3972251366706421E-01 a       907     0    61     1     7
  1.6871409653966066E-02 a       908     0    61     1     8
  1.4867062383731541E-01 a       909     0    61     1     9
  2.6920418406966901E-01 a       910     0    61     1    10
  2.8706281874508979E-02 a       911     0    61     1    11
  3.5074602134728783E-01 a       912     0    61     1    12
 -3.1084805015823119E-01 a       913     0    61     1    13
  3.4976683370970672E-02 a       914     0    61     1    14
  6.2615677935274464E-02 a       915     0    61     1    15
 -2.1823620171122042E-02 a       916     0    62     1     1
  1.8119376052163841E-01 a       917     0    62     1     2
 -1.1551034915183392E-01 a       918     0    62     1     3
 -5.5614226030594897E-02 a       919     0    62     1     4
  1.6795145816690636E-02 a       920     0    62     1     5
 -2.1959041784122288E-01 a       921     0    62     1     6
 -3.6487873798835585E-01 a       922     0    62     1     7
  1.4818762197600532E-01 a       923     0    62     1     8
 -3.7522165794997092E-01 a       924     0    62     1     9
  7.2382450069539050E-01 a       925     0    62     1    10
 -5.0169015325336808E-01 a       926     0    62     1    11
  3.0794619993678513E-01 a       927     0    62     1    12
 -2.9064579411211977E-01 a       928     0    62     1    13
 -6.1147665626282016E-02 a       929     0    62     1    14
 -3.2709752799649328E-01 a       930     0    62     1    15
 -3.9798477633287439E-03 a       931     0    63     1     1
  7.5615716736293900E-02 a       932     0    63     1     2
  1.2220515042952515E-01 a       933     0    63     1     3
  3.8483615879698385E-01 a       934     0    63     1     4
 -1.8262070038708549E-03 a       935     0    63     1     5
  3.3660911051880966E-02 a       936     0    63     1     6
 -6.5328030936920078E-02 a       937     0    63     1     7
 -3.0895867148874420E-02 a       938     0    63     1     8
  3.3914727608682915E-01 a       939     0    63     1     9
  4.1792125848321993E-01 a       940     0    63     1    10
  8.3622666841123933E-02 a       941     0    63     1    11
 -7.3107151596368561E-02 a       942     0    63     1    12
 -6.4298600589185420E-02 a       943     0    63     1    13
 -2.8113993901943796E-01 a       944     0    63     1    14
  1.4358173381993222E-01 a       945     0    63     1    15
  5.6657912490993834E-03 a       946     0    64     1     1
 -2.1095548257217484E-01 a       947     0    64     1     2
 -6.3139089084887454E-02 a       948     0    64     1     3
  1.4992710432939829E-01 a       949     0    64     1     4
 -3.8990383379397986E-01 a       950     0    64     1     5
 -6.1827357218959444E-01 a       951     0    64     1     6
  6.0274020714621257E-01 a       952     0    64     1     7
  1.0841471893616055E-01 a       953     0    64     1     8
 -1.1423385693469507E-01 a       954     0    64     1     9
 -4.4657422392573753E-01 a       955     0    64     1    10
 -1.4075666963016797E-01 a       956     0    64     1    11
 -5.0956562719474396E-01 a       957     0    64     1    12
  6.7743727953854027E-02 a       958     0    64     1    13
  3.2648982515432357E-01 a       959     0    64     1    14
  8.1762197172333354E-03 a       960     0    64     1    15
  8.1604559230511531E-01 b       961     1     1
 -7.2772343471307011E-01 b       962     1     2
  5.0633374645847030E-02 b       963     1     3
  6.9761928802412854E-01 b       964     1     4
 -2.2020446447844169E-01 b       965     1     5
 -2.2241909876909732E-01 b       966     1     6
 -1.1091790143067977E-01 b       967     1     7
 -3.2741271252312548E-01 b       968     1     8
  3.8346482565982531E-01 b       969     1     9
  4.2788618704403653E-01 b       970     1    10
  1.5619202820660605E-01 b       971     1    11
  7.1775417188031765E-02 b       972     1    12
 -8.2443776787428591E-01 b       973     1    13
  2.2672715883188641E-01 b       974     1    14
  6.7534292680289998E-01 b       975     1    15
  2.1256586132088588E+00 a       976     1     1     2     1
 -6.4804797840854211E-01 a       977     1     1     2     2
 -7.6716983285645279E-01 a       978     1     1     2     3
  6.1794658826944149E-01 a       979     1     1     2     4
 -8.1442430942712640E-01 a       980     1     1     2     5
 -9.2206479300922928E-01 a       981     1     1     2     6
 -6.9476228507490079E-01 a       982     1     1     2     7
 -5.2730822650275444E-01 a       983     1     1     2     8
  1.4873041562865816E-02 a       984     1     1     2     9
  2.8854544524498876E-01 a       985     1     1     2    10
  1.0873798820687053E+00 a       986     1     1     2    11
 -4.0750466651500100E-01 a       987     1     1     2    12
 -3.2831763343095649E-02 a       988     1     1     2    13
  1.5979254784137178E-01 a       989     1     1     2    14
 -1.7276146446020739E+00 a       990     1     1     2    15
  3.9964317603705425E-02 a       991     1     2     2     1
  2.7189116857232759E-01 a       992     1     2     2     2
  9.5953221120027732E-01 a       993     1     2     2     3
  6.2569415743766355E-01 a       994     1     2     2     4
  8.2817306360857146E-01 a       995     1     2     2     5
  8.4980229573299004E-01 a       996     1     2     2     6
  6.0343780545560888E-01 a       997     1     2     2     7
 -2.7124136849625273E-02 a       998     1     2     2     8
 -1.7169372012427160E+00 a       999     1     2     2     9
  2.7172011278926800E-01 a      1000     1     2     2    10
  1.6705408680349262E-01 a      1001     1     2     2    11
 -3.1338980661625193E-01 a      1002     1     2     2    12
  6.4689871787019126E-01 a      1003     1     2     2    13
  1.1786905669599892E-01 a      1004     1     2     2    14
  2.6282651580222505E-01 a      1005     1     2     2    15
 -1.6668476047059269E-01 a      1006     1     3     2     1
 -1.4001120410564758E+00 a      1007     1     3     2     2
  5.9840778302716324E-01 a      1008     1     3     2     3
 -6.3066219259453093E-01 a      1009     1     3     2     4
 -8.6964457796773420E-01 a      1010     1     3     2     5
  1.2817975695306665E+00 a      1011     1     3     2     6
  1.5045814502456478E+00 a      1012     1     3     2     7
  1.9110943934597954E-01 a      1013     1     3     2     8
 -1.9284829091789220E+00 a      1014     1     3     2     9
 -1.5393988107714859E-01 a      1015     1     3     2    10
  9.5155606803358794E-01 a      1016     1     3     2    11
 -3.1013137322076456E-01 a      1017     1     3     2    12
 -4.8035510463129760E-01 a      1018     1     3     2    13
  1.2330278086158852E+00 a      1019     1     3     2    14
  1.3918786174550697E+00 a      1020     1     3     2    15
 -6.7792138997079621E-01 a      1021     1     4     2     1
  1.3604492997050488E+00 a      1022     1     4     2     2
  1.6400132121892727E-01 a      1023     1     4     2     3
  6.2088259778275889E-01 a      1024     1     4     2     4
 -4.0806046763625248E-01 a      1025     1     4     2     5
  2.1731508508388547E-01 a      1026     1     4     2     6
 -8.0089025352351939E-01 a      1027     1     4     2     7
 -1.2810743574349320E-01 a      1028     1     4     2     8
 -1.9666146855805663E-01 a      1029     1     4     2     9
  2.5980753436269249E-02 a      1030     1     4     2    10
  1.7947830676730747E-03 a      1031     1     4     2    11
  1.6591259838958126E+00 a      1032     1     4     2    12
  9.6070222908161751E-01 a      1033     1     4     2    13
  1.6211748960924185E-01 a      1034     1     4     2    14
  1.9969213113753370E-01 a      1035     1     4     2    15
  5.8102275150838301E-01 a      1036     1     5     2     1
 -7.6381502093968179E-01 a      1037     1     5     2     2
 -2.5480547792450409E-01 a      1038     1     5     2     3
 -1.3127302364713919E-01 a      1039     1     5     2     4
 -3.6475622653337070E-01 a      1040     1     5     2     5
  2.5960463788265758E-02 a      1041     1     5     2     6
 -2.0580922092546941E-01 a      1042     1     5     2     7
 -5.8823513064858490E-01 a      1043     1     5     2     8
  2.2251168050748468E-01 a      1044     1     5     2     9
 -5.2033657670243455E-02 a      1045     1     5     2    10
  3.3693264405217110E-01 a      1046     1     5     2    11
 -6.1411902609577440E-01 a      1047     1     5     2    12
  3.9747848618697457E-01 a      1048     1     5     2    13
  9.7971691321955146E-01 a      1049     1     5     2    14
 -3.4840792684499011E-01 a      1050     1     5     2    15
  2.5837463415435091E-01 a      1051     1     6     2     1
  1.3912380144777265E+00 a      1052     1     6     2     2
 -6.6298086266453754E-02 a      1053     1     6     2     3
 -5.4913503166337740E-01 a      1054     1     6     2     4
  3.4652008867998352E-01 a      1055     1     6     2     5
 -2.4042681122865273E-01 a      1056     1     6     2     6
  1.3834498774190473E-01 a      1057     1     6     2     7
  2.4776595236016169E-01 a      1058     1     6     2     8
  3.0315691851711939E-02 a      1059     1     6     2     9
 -7.3793509063314250E-02 a      1060     1     6     2    10
  3.2591784459478274E-01 a      1061     1     6     2    11
  5.2856608771236457E-01 a      1062     1     6     2    12
 -1.1350608474617471E-01 a      1063     1     6     2    13
  1.3633942466685540E+00 a      1064     1     6     2    14
 -6.8573867888404105E-01 a      1065     1     6     2    15
 -8.8875029660832738E-01 a      1066     1     7     2     1
  5.8977921390484511E-01 a      1067     1     7     2     2
 -5.3068787757330105E-01 a      1068     1     7     2     3
  2.7608635542331994E-01 a      1069     1     7     2     4
  7.9630019306281752E-01 a      1070     1     7     2     5
  3.6935394061277588E-01 a      1071     1     7     2     6
 -5.0880887998169688E-01 a      1072     1     7     2     7
  1.4296360255781532E-01 a      1073     1     7     2     8
  8.0695200990904903E-01 a      1074     1     7     2     9
  7.2775205609015403E-01 a      1075     1     7     2    10
 -3.5446380694950003E-01 a      1076     1     7     2    11
 -4.3018216026091613E-02 a      1077     1     7     2    12
  2.3320918563070811E-01 a      1078     1     7     2    13
  9.2256672403293527E-01 a      1079     1     7     2    14
 -1.8543611100820612E-01 a      1080     1     7     2    15
  5.9954804398831651E-01 a      1081     1     8     2     1
  6.2904287993891680E-02 a      1082     1     8     2     2
  1.0946896935715893E+00 a      1083     1     8     2     3
 -5.1069890600936929E-01 a      1084     1     8     2     4
  2.2936645255623964E+00 a      1085     1     8     2     5
  7.1699125385430196E-01 a      1086     1     8     2     6
 -1.2067236937954877E+00 a      1087     1     8     2     7
 -1.2192681665680298E+00 a      1088     1     8     2     8
 -3.8381357919733912E-02 a      1089     1     8     2     9
 -4.2298109697047415E-01 a      1090     1     8     2    10
 -2.2269367729119822E+00 a      1091     1     8     2    11
 -1.3569355945740402E+00 a      1092     1     8     2    12
 -1.0778353234692868E+00 a      1093     1     8     2    13
  4.4175362055471423E-01 a      1094     1     8     2    14
 -1.5752626751345986E+00 a      1095     1     8     2    15
  4.0769636491969796E-01 a      1096     1     9     2     1
 -6.5653768465691076E-01 a      1097     1     9     2     2
 -4.8885783634377861E-01 a      1098     1     9     2     3
  4.1071429714449903E-01 a      1099     1     9     2     4
 -5.6026766723971007E-02 a      1100     1     9     2     5
 -5.3848942706299796E-01 a      1101     1     9     2     6
  7.7218417428282837E-01 a      1102     1     9     2     7
  2.9132107952634745E-01 a      1103     1     9     2     8
  1.3945857229919010E+00 a      1104     1     9     2     9
 -2.5306282122702634E-01 a      1105     1     9     2    10
  6.5853835868203559E-01 a      1106     1     9     2    11
 -8.5078982019233584E-01 a      1107     1     9     2    12
 -7.7899243301683729E-01 a      1108     1     9     2    13
 -2.4106851809055102E-01 a      1109     1     9     2    14
  1.5767641979130442E-01 a      1110     1     9     2    15
 -1.1395706045602334E-01 a      1111     1    10     2     1
 -5.5220697001470746E-02 a      1112     1    10     2     2
 -5.5151654326294680E-02 a      1113     1    10     2     3
  4.2516903337450507E-01 a      1114     1    10     2     4
 -5.6959471236010167E-02 a      1115     1    10     2     5
 -1.3915449560024518E-01 a      1116     1    10     2     6
 -3.3205714078637572E-01 a      1117     1    10     2     7
 -1.7862190825926080E-01 a      1118     1    10     2     8
  5.0663074565895883E-01 a      1119     1    10     2     9
 -1.8091494411716130E-01 a      1120     1    10     2    10
 -2.7117850613510269E-02 a      1121     1    10     2    11
 -1.9651836517702717E-01 a      1122     1    10     2    12
 -7.2201937529861376E-04 a      1123     1    10     2    13
  3.1043334511193332E-01 a      1124     1    10     2    14
 -2.7426315124854711E-01 a      1125     1    10     2    15
  2.5441966996830701E-01 a      1126     1    11     2     1
  5.8794754534956895E-01 a      1127     1    11     2     2
 -7.7502768926899879E-01 a      1128     1    11     2     3
 -6.9407825057307294E-03 a      1129     1    11     2     4
  7.9155235635161400E-02 a      1130     1    11     2     5
  1.1912822415637538E+00 a      1131     1    11     2     6
 -7.0092879057302182E-01 a      1132     1    11     2     7
  4.4641244725553714E-01 a      1133     1    11     2     8
 -4.6478003418804198E-01 a      1134     1    11     2     9
  8.4682517441484617E-01 a      1135     1    11     2    10
  1.0210641158864242E+00 a      1136     1    11     2    11
  2.2824105814879245E-01 a      1137     1    11     2    12
  1.2510345780645860E+00 a      1138     1    11     2    13
 -1.0555328864840265E+00 a      1139     1    11     2    14
  9.8580294872342600E-01 a      1140     1    11     2    15
 -4.5818357835708495E-01 a      1141     1    12     2     1
 -2.6119936219209028E-01 a      1142     1    12     2     2
  1.6657907870484692E-01 a      1143     1    12     2     3
  8.5619715865271687E-02 a      1144     1    12     2     4
 -5.6087458187456574E-01 a      1145     1    12     2     5
 -1.0113927824383870E+00 a      1146     1    12     2     6
  1.3439210921485305E+00 a      1147     1    12     2     7
 -6.8212104179218427E-02 a      1148     1    12     2     8
 -1.2280941306261442E-01 a      1149     1    12     2     9
 -3.5235609486223773E-01 a      1150     1    12     2    10
 -1.2803854009495939E+00 a      1151     1    12     2    11
  4.6910018214832988E-01 a      1152     1    12     2    12
  2.3736455480834112E-01 a      1153     1    12     2    13
  5.5877610550162538E-01 a      1154     1    12     2    14
  6.1089525233122027E-02 a      1155     1    12     2    15
  1.7397463929754033E-02 a      1156     1    13     2     1
 -1.1446642226142900E+00 a      1157     1    13     2     2
  9.3285711869142451E-01 a      1158     1    13     2     3
 -2.6829451788377345E-01 a      1159     1    13     2     4
 -3.2884823806206789E-02 a      1160     1    13     2     5
  1.1630642455302844E+00 a      1161     1    13     2     6
  1.5920160935318062E+00 a      1162     1    13     2     7
 -4.1922957908932212E-01 a      1163     1    13     2     8
 -6.7777892242204574E-01 a      1164     1    13     2     9
  5.5649733554099357E-01 a      1165     1    13     2    10
  1.5586814946882961E+00 a      1166     1    13     2    11
 -6.1862921671465593E-02 a      1167     1    13     2    12
 -9.8228231946820443E-01 a      1168     1    13     2    13
  9.0663820027172159E-01 a      1169     1    13     2    14
  9.1031561525740123E-01 a      1170     1    13     2    15
  3.4654667209387618E-02 a      1171     1    14     2     1
 -7.7208196472671142E-01 a      1172     1    14     2     2
 -5.0672322786252955E-01 a      1173     1    14     2     3
 -7.3873303337887275E-01 a      1174     1    14     2     4
  6.0332532279112561E-01 a      1175     1    14     2     5
 -2.6470668715222537E-03 a      1176     1    14     2     6
 -4.4333641421040249E-01 a      1177     1    14     2     7
 -2.8883234350787146E-01 a      1178     1    14     2     8
 -1.0747898606270430E+00 a      1179     1    14     2     9
 -8.4613575263064134E-01 a      1180     1    14     2    10
  1.6819049806979297E-01 a      1181     1    14     2    11
 -1.0960615622706991E+00 a      1182     1    14     2    12
  5.2478552593438943E-01 a      1183     1    14     2    13
 -3.7651352958833412E-01 a      1184     1    14     2    14
 -6.8930447080281523E-02 a      1185     1    14     2    15
  6.4414187040818349E-01 a      1186     1    15     2     1
  5.5294911440289052E-01 a      1187     1    15     2     2
  6.6849364805271858E-02 a      1188     1    15     2     3
 -2.3756126120288978E-01 a      1189     1    15     2     4
  8.1082250502421727E-01 a      1190     1    15     2     5
 -4.8602766448610324E-01 a      1191     1    15     2     6
 -1.0393646990415251E+00 a      1192     1    15     2     7
  5.6682902716924659E-02 a      1193     1    15     2     8
 -2.6944050661976821E-01 a      1194     1    15     2     9
 -5.5922189208719941E-01 a      1195     1    15     2    10
  7.9571445499771604E-02 a      1196     1    15     2    11
 -3.3569768530487470E-01 a      1197     1    15     2    12
 -6.8891461916122454E-01 a      1198     1    15     2    13
 -7.4489470050170836E-01 a      1199     1    15     2    14
 -7.3542941120693284E-01 a      1200     1    15     2    15
 -3.6250505245502540E-01 b      1201     2     1
 -7.6565414813060151E-01 b      1202     2     2
 -5.6535417717593295E-01 b      1203     2     3
 -4.1823120160410193E-01 b      1204     2     4
  2.8531565249079932E-01 b      1205     2     5
 -6.4808474823191353E-01 b      1206     2     6
 -6.2693351990784052E-01 b      1207     2     7
 -2.0348914074535851E-01 b      1208     2     8
 -2.9784471376614698E-02 b      1209     2     9
  4.0076777539978026E-01 b      1210     2    10
 -4.4097170604634894E-01 b      1211     2    11
  1.8965074024456696E-01 b      1212     2    12
 -1.3057232279322526E+00 b      1213     2    13
 -2.2676588203746448E-01 b      1214     2    14
  1.4184482235838408E-01 b      1215     2    15
 -3.2164617402579637E-01 a      1216     2     1     3     1
  7.4815751977840894E-01 a      1217     2     2     3     1
  3.9061141566649138E-01 a      1218     2     3     3     1
 -2.2634210661249257E-01 a      1219     2     4     3     1
 -3.2545179497870630E-01 a      1220     2     5     3     1
 -5.0350209036708238E-01 a      1221     2     6     3     1
 -1.4619203208961837E-01 a      1222     2     7     3     1
 -8.1130881845503500E-01 a      1223     2     8     3     1
 -5.8387147962185991E-02 a      1224     2     9     3     1
  4.4981615621367843E-01 a      1225     2    10     3     1
  1.6990450179281971E-01 a      1226     2    11     3     1
 -7.2632297083441433E-01 a      1227     2    12     3     1
 -2.1434906964110542E-01 a      1228     2    13     3     1
 -1.1998962189678337E-02 a      1229     2    14     3     1
  7.2005850271879857E-01 a      1230     2    15     3     1
  3.8146507686462039E-01 b      1231     3     1
