################################################################################
# Neural network connection values (weights and biases).
################################################################################
# Col  Name       Description
################################################################################
# 1    connection Neural network connection value.
# 2    t          Connection type (a = weight, b = bias).
# 3    index      Index enumerating weights.
# 4    l_s        Starting point layer (end point layer for biases).
# 5    n_s        Starting point neuron in starting layer (end point neuron for biases).
# 6    l_e        End point layer.
# 7    n_e        End point neuron in end layer.
################################################################################
#                      1 2         3     4     5     6     7
#             connection t     index   l_s   n_s   l_e   n_e
############################################################
  8.2138733688026755E-01 a         1     0     1     1     1
 -7.0190291674772431E-01 a         2     0     1     1     2
  1.4783007359157341E+00 a         3     0     1     1     3
 -7.3884014865626069E-02 a         4     0     1     1     4
  1.3436520146633275E+00 a         5     0     1     1     5
  1.3418760900776663E-01 a         6     0     1     1     6
  1.0779407318152932E+00 a         7     0     1     1     7
  7.2660702507232466E-01 a         8     0     1     1     8
  1.5840244955628116E-01 a         9     0     1     1     9
 -1.5947445011356263E+00 a        10     0     1     1    10
  5.4633374044658023E-01 a        11     0     1     1    11
 -3.4567635840165994E-01 a        12     0     1     1    12
 -4.3589910226072359E-01 a        13     0     1     1    13
  1.5788171222550287E+00 a        14     0     1     1    14
 -2.0980432026140844E-01 a        15     0     1     1    15
 -1.0817958117003501E+00 a        16     0     2     1     1
  3.8902429239306509E+00 a        17     0     2     1     2
  1.6939418716093286E+00 a        18     0     2     1     3
 -4.5944459569906959E-01 a        19     0     2     1     4
  9.2449926584058306E-01 a        20     0     2     1     5
  8.0046052136708479E-01 a        21     0     2     1     6
  3.3810015191004221E+00 a        22     0     2     1     7
  1.2576907713087166E+00 a        23     0     2     1     8
  1.6554637575819411E+00 a        24     0     2     1     9
 -6.5776494737551400E-02 a        25     0     2     1    10
  5.1404183939224812E-01 a        26     0     2     1    11
 -2.6909101674884091E+00 a        27     0     2     1    12
  3.7541678824598792E+00 a        28     0     2     1    13
 -2.4022035875564049E-01 a        29     0     2     1    14
  2.7080117445620191E+00 a        30     0     2     1    15
 -1.0891081665559212E+00 a        31     0     3     1     1
  1.2995161634435579E+00 a        32     0     3     1     2
  6.0833981154664249E-02 a        33     0     3     1     3
 -1.2278239439320753E+00 a        34     0     3     1     4
  1.5468419126257895E+00 a        35     0     3     1     5
  8.7513027020072509E-01 a        36     0     3     1     6
  1.7124215606211043E-01 a        37     0     3     1     7
  2.0490384791612820E-01 a        38     0     3     1     8
 -9.0121139800997263E-01 a        39     0     3     1     9
 -7.4729338291046291E-02 a        40     0     3     1    10
  3.9362961626061771E-01 a        41     0     3     1    11
 -5.6139758909436832E-01 a        42     0     3     1    12
  8.8325901176470345E-01 a        43     0     3     1    13
  2.5692288985145212E-01 a        44     0     3     1    14
  6.2346553506645841E-01 a        45     0     3     1    15
  4.0434474543708293E-01 a        46     0     4     1     1
 -4.4213391613192696E+00 a        47     0     4     1     2
 -1.0116512293078144E+00 a        48     0     4     1     3
 -1.5185999741899994E-01 a        49     0     4     1     4
  9.8265850132704013E-01 a        50     0     4     1     5
  7.7910180838417900E-02 a        51     0     4     1     6
 -3.3027589357298353E+00 a        52     0     4     1     7
 -1.3926218793811012E+00 a        53     0     4     1     8
  1.5344958783756202E+00 a        54     0     4     1     9
  3.2309745555277514E-01 a        55     0     4     1    10
  2.0794207592792953E+00 a        56     0     4     1    11
 -9.3893156584599158E-01 a        57     0     4     1    12
 -3.3666166266694453E+00 a        58     0     4     1    13
 -7.4902087487049074E-01 a        59     0     4     1    14
 -1.1283455948738095E+00 a        60     0     4     1    15
 -4.8703497675795848E-01 a        61     0     5     1     1
 -3.6285875977062271E-01 a        62     0     5     1     2
 -1.1281247275216593E+00 a        63     0     5     1     3
  2.3564726573283138E-03 a        64     0     5     1     4
  5.3010361158606234E-01 a        65     0     5     1     5
 -1.7655584570012040E-01 a        66     0     5     1     6
 -1.1042946530536810E+00 a        67     0     5     1     7
 -6.8491790055230273E-01 a        68     0     5     1     8
  4.9086362175765158E-01 a        69     0     5     1     9
  2.0220801252423302E+00 a        70     0     5     1    10
  4.2610209109541236E-01 a        71     0     5     1    11
 -9.1912147085616192E-01 a        72     0     5     1    12
 -7.4172280719268152E-02 a        73     0     5     1    13
  1.7526769725724492E-01 a        74     0     5     1    14
 -6.0821257623863687E-02 a        75     0     5     1    15
  3.9267189313740354E-02 a        76     0     6     1     1
 -2.9992288970421770E+00 a        77     0     6     1     2
 -1.7070051064303611E+00 a        78     0     6     1     3
  1.3670347379665670E-01 a        79     0     6     1     4
 -1.2823641192156572E+00 a        80     0     6     1     5
  1.6582319714541216E-01 a        81     0     6     1     6
 -3.3537796509364273E+00 a        82     0     6     1     7
 -4.5657615039369194E-02 a        83     0     6     1     8
  1.4167951610226246E+00 a        84     0     6     1     9
 -1.0002918447054086E+00 a        85     0     6     1    10
  1.0685473046544325E+00 a        86     0     6     1    11
  5.6636775284049889E-01 a        87     0     6     1    12
 -3.5049203325321407E+00 a        88     0     6     1    13
  7.0070377275226109E-02 a        89     0     6     1    14
  1.6317029282603121E-01 a        90     0     6     1    15
  9.2429552383741276E-01 a        91     0     7     1     1
 -4.1365711250672110E-01 a        92     0     7     1     2
 -4.6022162106628156E-01 a        93     0     7     1     3
  4.9207843182793537E-01 a        94     0     7     1     4
 -1.3322297143899660E+00 a        95     0     7     1     5
  2.9652867443331343E-01 a        96     0     7     1     6
 -1.0736981074851530E+00 a        97     0     7     1     7
  2.8797991186471794E-01 a        98     0     7     1     8
  2.0523831868675463E-01 a        99     0     7     1     9
  1.8617449469735958E+00 a       100     0     7     1    10
 -3.2551594858390387E-01 a       101     0     7     1    11
 -6.2960524265428630E-01 a       102     0     7     1    12
 -2.8641912766636424E-01 a       103     0     7     1    13
 -6.4506319185803496E-01 a       104     0     7     1    14
 -1.2290254258971900E-01 a       105     0     7     1    15
 -1.5139431781501258E+00 a       106     0     8     1     1
  7.5083771213089321E+00 a       107     0     8     1     2
  4.3985405126769761E-01 a       108     0     8     1     3
 -5.6276547863087678E-01 a       109     0     8     1     4
 -1.8368937001347911E+00 a       110     0     8     1     5
 -2.0766245516857040E+00 a       111     0     8     1     6
  4.1087695726814326E+00 a       112     0     8     1     7
  2.6039104009237017E+00 a       113     0     8     1     8
  6.7723599242187771E-01 a       114     0     8     1     9
 -1.3904371848334424E-01 a       115     0     8     1    10
 -2.2423692724879070E+00 a       116     0     8     1    11
 -1.0703015937269371E+00 a       117     0     8     1    12
  4.6883583622326892E+00 a       118     0     8     1    13
 -2.7881755474431014E-01 a       119     0     8     1    14
  1.0284284529935868E+00 a       120     0     8     1    15
  3.1088480290147119E-01 a       121     0     9     1     1
  3.8304894419278168E-01 a       122     0     9     1     2
 -7.6515297729496012E-01 a       123     0     9     1     3
 -3.2929441972257084E-01 a       124     0     9     1     4
 -5.6756710034332236E-01 a       125     0     9     1     5
 -8.0380582698949876E-02 a       126     0     9     1     6
  8.2808746974949832E-01 a       127     0     9     1     7
 -9.8522067184054862E-01 a       128     0     9     1     8
  8.4069496306170999E-02 a       129     0     9     1     9
 -2.7529382013859027E-01 a       130     0     9     1    10
  5.9652446988497443E-01 a       131     0     9     1    11
  3.6038925315926851E-01 a       132     0     9     1    12
  6.7724928044890409E-01 a       133     0     9     1    13
 -2.7929175544836171E-01 a       134     0     9     1    14
  2.8126576193168545E-01 a       135     0     9     1    15
  5.4372902894478268E-03 a       136     0    10     1     1
 -4.7865841569258141E+00 a       137     0    10     1     2
 -4.9751268851134267E-01 a       138     0    10     1     3
  1.2391587355004705E+00 a       139     0    10     1     4
  2.2294104217940385E+00 a       140     0    10     1     5
 -5.2785682986251814E-01 a       141     0    10     1     6
  1.8575959604032910E-01 a       142     0    10     1     7
 -4.0857022738528652E+00 a       143     0    10     1     8
  1.2051520550959189E+00 a       144     0    10     1     9
  2.1562587921935457E+00 a       145     0    10     1    10
 -4.4740858390854821E-01 a       146     0    10     1    11
 -1.5372524286923122E+00 a       147     0    10     1    12
 -8.2876538526979149E-01 a       148     0    10     1    13
  2.3286060024602095E+00 a       149     0    10     1    14
 -5.8762584215507010E+00 a       150     0    10     1    15
  1.0588669030245079E+00 a       151     0    11     1     1
  2.2773516668146412E-01 a       152     0    11     1     2
 -4.4043487179607273E-02 a       153     0    11     1     3
  1.9034189893210671E+00 a       154     0    11     1     4
  3.7241889563581992E-01 a       155     0    11     1     5
 -6.5768530778922030E-01 a       156     0    11     1     6
  3.4588433897942122E-01 a       157     0    11     1     7
 -4.6534428519727822E-01 a       158     0    11     1     8
 -9.2526398718812541E-01 a       159     0    11     1     9
 -8.9262578910024803E-01 a       160     0    11     1    10
  1.9723018542449058E-01 a       161     0    11     1    11
 -6.6277723921439180E-01 a       162     0    11     1    12
  5.0904974333829278E-01 a       163     0    11     1    13
  2.2897988863412150E-01 a       164     0    11     1    14
 -1.6491208930259509E+00 a       165     0    11     1    15
  3.3323999850200487E+00 a       166     0    12     1     1
  1.4210845360127318E+00 a       167     0    12     1     2
  2.9020204713543962E-01 a       168     0    12     1     3
 -8.4118082062557953E-01 a       169     0    12     1     4
 -3.2307689566315267E+00 a       170     0    12     1     5
  5.3323873883686823E-01 a       171     0    12     1     6
 -1.3929844930216846E+00 a       172     0    12     1     7
  2.6793735440279196E+00 a       173     0    12     1     8
  3.4567190357410721E-01 a       174     0    12     1     9
 -7.1775646591961373E-01 a       175     0    12     1    10
  7.3746758729488038E-01 a       176     0    12     1    11
  9.9311406393843171E-01 a       177     0    12     1    12
 -9.6307869867083695E-01 a       178     0    12     1    13
 -2.7826176622311087E+00 a       179     0    12     1    14
  5.9274345539502225E+00 a       180     0    12     1    15
 -2.0849278324799145E-01 a       181     0    13     1     1
 -2.1435558859376666E-01 a       182     0    13     1     2
  5.5051482157830722E-01 a       183     0    13     1     3
 -5.8657478196436819E-01 a       184     0    13     1     4
  1.6127669779847300E+00 a       185     0    13     1     5
  9.9861977820950909E-01 a       186     0    13     1     6
  5.0823624700394843E-01 a       187     0    13     1     7
  1.2572041957558819E-01 a       188     0    13     1     8
  1.1959863506323545E+00 a       189     0    13     1     9
 -1.5724434756627450E+00 a       190     0    13     1    10
 -2.1884400361175835E-01 a       191     0    13     1    11
  1.0293891398469470E-02 a       192     0    13     1    12
  2.8050975661111993E-01 a       193     0    13     1    13
 -8.8292892627844052E-02 a       194     0    13     1    14
  5.5804486117990326E-01 a       195     0    13     1    15
 -1.6234352025844707E+00 a       196     0    14     1     1
  7.7865088859709872E-02 a       197     0    14     1     2
  3.3567843765141675E-01 a       198     0    14     1     3
 -1.1403774790948976E-01 a       199     0    14     1     4
  1.9500418415824445E+00 a       200     0    14     1     5
  1.8985425345699863E-01 a       201     0    14     1     6
  5.4502812324685534E-01 a       202     0    14     1     7
 -5.8646427941727830E-01 a       203     0    14     1     8
 -3.9885828770242859E-01 a       204     0    14     1     9
 -2.7746766434270528E-02 a       205     0    14     1    10
  6.2842050841949493E-01 a       206     0    14     1    11
 -1.9456532091985166E+00 a       207     0    14     1    12
  4.9847632160588212E-01 a       208     0    14     1    13
  1.2419661861187281E+00 a       209     0    14     1    14
 -2.2627346819014122E+00 a       210     0    14     1    15
  2.4786921323742150E-01 a       211     0    15     1     1
  6.4868148466351847E-02 a       212     0    15     1     2
 -1.2727479774856731E-02 a       213     0    15     1     3
 -2.4495845688044499E-02 a       214     0    15     1     4
 -7.8305270803514415E-01 a       215     0    15     1     5
 -1.4015844927628104E-01 a       216     0    15     1     6
 -2.3627090003801279E-01 a       217     0    15     1     7
  6.7424798219763507E-02 a       218     0    15     1     8
 -3.2300073637809518E-01 a       219     0    15     1     9
  6.6684421486736534E-01 a       220     0    15     1    10
  9.6079823944640569E-02 a       221     0    15     1    11
 -8.6306783602845674E-02 a       222     0    15     1    12
 -1.9556889090161894E-01 a       223     0    15     1    13
 -3.0574338504105691E-02 a       224     0    15     1    14
 -8.2556565176090391E-03 a       225     0    15     1    15
  6.2162100096425732E-01 a       226     0    16     1     1
 -4.6563176510937637E-02 a       227     0    16     1     2
  1.6947558555188874E-01 a       228     0    16     1     3
 -4.1238822302067421E-02 a       229     0    16     1     4
 -1.9091013751871894E-01 a       230     0    16     1     5
  3.7744994914108032E-01 a       231     0    16     1     6
 -2.0819608316181053E-02 a       232     0    16     1     7
 -1.1996531030039745E-02 a       233     0    16     1     8
  5.0373490289058509E-01 a       234     0    16     1     9
 -3.6173553493138727E-01 a       235     0    16     1    10
 -1.4098219013325622E-01 a       236     0    16     1    11
  2.1480533542103658E-01 a       237     0    16     1    12
 -7.0506642980506670E-02 a       238     0    16     1    13
  1.1256432419713278E-01 a       239     0    16     1    14
  4.8786588539113296E-01 a       240     0    16     1    15
 -7.0054377286665037E-01 a       241     0    17     1     1
  2.3597771999152276E-01 a       242     0    17     1     2
  5.4848850798701376E-01 a       243     0    17     1     3
 -2.6986560609265503E-01 a       244     0    17     1     4
 -1.6940914732027432E-01 a       245     0    17     1     5
  1.1455642146364142E-01 a       246     0    17     1     6
 -1.6720591105906561E-02 a       247     0    17     1     7
 -4.0316444956801012E-01 a       248     0    17     1     8
  5.0227823854148604E-02 a       249     0    17     1     9
  5.6109528243644013E-01 a       250     0    17     1    10
  2.1085069865614109E-01 a       251     0    17     1    11
 -7.6626840595142687E-02 a       252     0    17     1    12
 -1.4946481944265944E-02 a       253     0    17     1    13
 -1.8826836418480186E-01 a       254     0    17     1    14
 -3.5467090941522400E-01 a       255     0    17     1    15
  1.2203826903114636E+00 a       256     0    18     1     1
  1.0239440213398010E-02 a       257     0    18     1     2
  4.0578998760452289E-02 a       258     0    18     1     3
  5.8650906828365190E-01 a       259     0    18     1     4
 -1.0295553362975598E+00 a       260     0    18     1     5
 -3.4493013903547768E-03 a       261     0    18     1     6
 -4.7220595463012799E-01 a       262     0    18     1     7
 -6.1824974611366212E-01 a       263     0    18     1     8
  3.9313555993620058E-01 a       264     0    18     1     9
 -8.2345237379624081E-01 a       265     0    18     1    10
 -5.1698843435590425E-01 a       266     0    18     1    11
  3.6793455602258446E-01 a       267     0    18     1    12
  8.6175774141859907E-01 a       268     0    18     1    13
 -6.9131734052246596E-01 a       269     0    18     1    14
 -3.0672759111955922E-01 a       270     0    18     1    15
  4.8780526789776235E-01 a       271     0    19     1     1
  9.1306916113080372E-01 a       272     0    19     1     2
  3.0073145474036229E+00 a       273     0    19     1     3
 -2.9389185616390052E+00 a       274     0    19     1     4
  1.4407691568113812E+00 a       275     0    19     1     5
 -2.7743200743158405E+00 a       276     0    19     1     6
 -6.7588672275152906E-01 a       277     0    19     1     7
  2.4351740213313215E+00 a       278     0    19     1     8
  9.6112586439456271E-01 a       279     0    19     1     9
 -1.4171964385754721E+00 a       280     0    19     1    10
 -2.1235388519851259E+00 a       281     0    19     1    11
  1.2849047760153194E+00 a       282     0    19     1    12
  2.8420856540881290E+00 a       283     0    19     1    13
  7.4038641327846744E-01 a       284     0    19     1    14
  1.8103940825717173E+00 a       285     0    19     1    15
  2.4632036818243547E-01 a       286     0    20     1     1
 -3.6077817707168686E-01 a       287     0    20     1     2
 -4.0183801923089918E-01 a       288     0    20     1     3
 -1.7286765966709985E-01 a       289     0    20     1     4
 -2.8304470108920099E-01 a       290     0    20     1     5
  6.7644253739486293E-01 a       291     0    20     1     6
 -2.9156448061673407E-01 a       292     0    20     1     7
  6.8435768423421361E-01 a       293     0    20     1     8
 -5.5616484441952063E-01 a       294     0    20     1     9
 -1.5583186679746328E-01 a       295     0    20     1    10
 -5.2756624744150116E-01 a       296     0    20     1    11
  1.9667038642933798E-01 a       297     0    20     1    12
  1.7503838530102059E-01 a       298     0    20     1    13
  8.1841742864573963E-01 a       299     0    20     1    14
  8.0268711800377390E-01 a       300     0    20     1    15
  7.1918209436388314E-01 a       301     0    21     1     1
 -1.0473764077556495E-01 a       302     0    21     1     2
 -2.3540737337631357E+00 a       303     0    21     1     3
  3.2485144495043627E-01 a       304     0    21     1     4
 -5.3131108575456609E-01 a       305     0    21     1     5
 -3.2520419446899168E-01 a       306     0    21     1     6
 -2.1376712770290460E-01 a       307     0    21     1     7
  8.5911195546216942E-02 a       308     0    21     1     8
 -9.2228040246097420E-01 a       309     0    21     1     9
  8.8778996763698126E-01 a       310     0    21     1    10
 -2.1471569841373270E-01 a       311     0    21     1    11
  5.0252959519677565E-01 a       312     0    21     1    12
 -1.0339255285356624E-01 a       313     0    21     1    13
 -5.6077985508184747E-01 a       314     0    21     1    14
  4.6722622917125367E-01 a       315     0    21     1    15
 -8.0328141919367269E-01 a       316     0    22     1     1
 -9.1906239767988029E-01 a       317     0    22     1     2
  3.0409541720419488E+00 a       318     0    22     1     3
  5.6514285758725580E-01 a       319     0    22     1     4
  2.4224411084434214E+00 a       320     0    22     1     5
  1.7872315486117407E+00 a       321     0    22     1     6
  2.9993263489960036E+00 a       322     0    22     1     7
 -2.1366079344916153E+00 a       323     0    22     1     8
 -4.2176215001815159E-01 a       324     0    22     1     9
  8.6670858525968053E-01 a       325     0    22     1    10
  1.0035926681204939E+00 a       326     0    22     1    11
  1.0966872584616318E+00 a       327     0    22     1    12
 -1.7420657798330581E+00 a       328     0    22     1    13
  1.6921532159664571E-01 a       329     0    22     1    14
 -2.0707103604824373E+00 a       330     0    22     1    15
  3.8471199649856674E-01 a       331     0    23     1     1
 -1.1295360726648195E-01 a       332     0    23     1     2
 -1.0379895126609448E-01 a       333     0    23     1     3
 -1.0234088962791661E-02 a       334     0    23     1     4
  8.4424105301771787E-02 a       335     0    23     1     5
  2.3574340531572958E-02 a       336     0    23     1     6
 -5.3170505882081366E-02 a       337     0    23     1     7
  2.5224362981001824E-01 a       338     0    23     1     8
 -1.6476350420747413E-01 a       339     0    23     1     9
 -1.7550900056304781E-04 a       340     0    23     1    10
 -2.1218346099661664E-01 a       341     0    23     1    11
 -5.9852371380882119E-02 a       342     0    23     1    12
 -2.8511414249724970E-03 a       343     0    23     1    13
  1.1177793284568446E-01 a       344     0    23     1    14
  2.0816138294929426E-01 a       345     0    23     1    15
 -6.8604338680647370E-01 a       346     0    24     1     1
 -3.0615391041166624E-02 a       347     0    24     1     2
  6.5440828549192076E-01 a       348     0    24     1     3
 -1.6768460694782988E-01 a       349     0    24     1     4
  4.9098804725215917E-01 a       350     0    24     1     5
  3.0981215236154991E-01 a       351     0    24     1     6
  1.8117204765175421E-01 a       352     0    24     1     7
  1.5907987089144585E-01 a       353     0    24     1     8
  2.5842378271695476E-01 a       354     0    24     1     9
 -5.4040442970904407E-02 a       355     0    24     1    10
 -6.2826114683640522E-02 a       356     0    24     1    11
 -1.2907900370793617E+00 a       357     0    24     1    12
 -9.3498699052238987E-01 a       358     0    24     1    13
 -5.0108198001845927E-01 a       359     0    24     1    14
 -4.0988114276244314E-01 a       360     0    24     1    15
  1.7608678187889862E-01 a       361     0    25     1     1
 -1.0057987178574712E+00 a       362     0    25     1     2
 -1.5486028118814825E+00 a       363     0    25     1     3
  1.2042196452542480E+00 a       364     0    25     1     4
 -2.5013873655151593E+00 a       365     0    25     1     5
  9.3618297011728746E-01 a       366     0    25     1     6
 -5.1470762197154150E-02 a       367     0    25     1     7
 -8.2852851449516118E-01 a       368     0    25     1     8
 -1.1209389250934167E+00 a       369     0    25     1     9
 -1.0539341565941240E+00 a       370     0    25     1    10
 -8.5598051136581171E-02 a       371     0    25     1    11
  6.1626638814400052E-02 a       372     0    25     1    12
 -2.7381705511678711E+00 a       373     0    25     1    13
  1.6185146585429129E+00 a       374     0    25     1    14
 -1.0304132931909267E+00 a       375     0    25     1    15
  1.5637514123201735E-01 a       376     0    26     1     1
  2.0930245423416319E-01 a       377     0    26     1     2
 -3.8247851059510879E-01 a       378     0    26     1     3
  2.8405953215800933E-01 a       379     0    26     1     4
 -1.3470866328471418E-01 a       380     0    26     1     5
 -7.0532410482291663E-01 a       381     0    26     1     6
  5.7132807433581623E-01 a       382     0    26     1     7
 -5.8087511217729659E-01 a       383     0    26     1     8
  5.5498944905687431E-01 a       384     0    26     1     9
  3.9953119457775871E-01 a       385     0    26     1    10
  4.7184289552281983E-01 a       386     0    26     1    11
  5.2435016469119244E-01 a       387     0    26     1    12
 -2.3098636597244143E-01 a       388     0    26     1    13
 -2.0361132623144956E-01 a       389     0    26     1    14
 -4.9412175538950071E-01 a       390     0    26     1    15
 -9.8811286327579784E-01 a       391     0    27     1     1
  9.9201266495014262E-02 a       392     0    27     1     2
  9.4987120943047443E-01 a       393     0    27     1     3
  2.4044839990673317E-03 a       394     0    27     1     4
 -1.0463667929655904E+00 a       395     0    27     1     5
 -2.6665798217926850E-01 a       396     0    27     1     6
  1.1477854538575062E-01 a       397     0    27     1     7
 -2.6189852852909989E-01 a       398     0    27     1     8
  4.6144555015539707E-01 a       399     0    27     1     9
 -4.2597253155082515E-01 a       400     0    27     1    10
 -2.8547077930579867E-01 a       401     0    27     1    11
  1.2475802955297686E+00 a       402     0    27     1    12
 -2.8357394109737560E-02 a       403     0    27     1    13
  7.2665297141216778E-02 a       404     0    27     1    14
 -4.1422852750431027E-01 a       405     0    27     1    15
  3.3625029147488206E-01 a       406     0    28     1     1
  1.3128241872215061E+00 a       407     0    28     1     2
 -3.6601382104501519E+00 a       408     0    28     1     3
  5.8108262422305390E-01 a       409     0    28     1     4
 -6.5435346600106226E-01 a       410     0    28     1     5
 -6.3276054137267324E-01 a       411     0    28     1     6
 -1.5374555111477612E+00 a       412     0    28     1     7
  3.5467864401279592E-01 a       413     0    28     1     8
  1.2942371874304135E+00 a       414     0    28     1     9
  5.8149493470981506E-01 a       415     0    28     1    10
 -4.9123516443472942E-01 a       416     0    28     1    11
 -8.7896387115283203E-01 a       417     0    28     1    12
  1.2578094528797483E+00 a       418     0    28     1    13
 -1.1779082483970664E+00 a       419     0    28     1    14
 -1.0738240149407778E+00 a       420     0    28     1    15
  3.9743665810843702E-02 a       421     0    29     1     1
 -2.0307032206461406E-01 a       422     0    29     1     2
 -6.7030430137175678E-01 a       423     0    29     1     3
  7.5795349931712652E-01 a       424     0    29     1     4
  3.1091790311801210E-01 a       425     0    29     1     5
 -1.1852999305265970E+00 a       426     0    29     1     6
  2.6639985700786151E-01 a       427     0    29     1     7
  4.6889875771537715E-01 a       428     0    29     1     8
  7.9462854814704786E-01 a       429     0    29     1     9
  2.5001214551258588E-01 a       430     0    29     1    10
  3.6144634284713195E-01 a       431     0    29     1    11
 -4.1784549450033753E-01 a       432     0    29     1    12
 -4.0530765447393341E-01 a       433     0    29     1    13
 -4.6080432565014834E-01 a       434     0    29     1    14
  3.4524939261010978E-01 a       435     0    29     1    15
 -3.9513842323491583E-01 a       436     0    30     1     1
  1.0030785261227546E-01 a       437     0    30     1     2
 -6.3530211883826890E-02 a       438     0    30     1     3
 -7.1132671167057371E-01 a       439     0    30     1     4
 -9.1444297753988213E-01 a       440     0    30     1     5
 -9.2779796964945649E-01 a       441     0    30     1     6
  1.2892695143459285E-01 a       442     0    30     1     7
 -2.2082920118963129E-01 a       443     0    30     1     8
 -3.4259549458807048E-01 a       444     0    30     1     9
 -8.0177194171353949E-01 a       445     0    30     1    10
 -4.2232983843365535E-01 a       446     0    30     1    11
  8.2332321660144292E-01 a       447     0    30     1    12
  6.3431702028930848E-01 a       448     0    30     1    13
  3.3202639328391681E-02 a       449     0    30     1    14
  3.7130921435180592E-01 a       450     0    30     1    15
  2.0237681546992090E+00 a       451     0    31     1     1
 -7.7958797866102536E-01 a       452     0    31     1     2
 -4.0717012277982194E+00 a       453     0    31     1     3
 -2.2867206538034707E-01 a       454     0    31     1     4
  1.0847533608429347E+00 a       455     0    31     1     5
  6.6167790291947470E-01 a       456     0    31     1     6
 -1.5805577546535512E+00 a       457     0    31     1     7
  4.3975975733673417E-01 a       458     0    31     1     8
 -2.4716747008754608E-01 a       459     0    31     1     9
  1.2794164037648581E+00 a       460     0    31     1    10
  1.5352551041562952E+00 a       461     0    31     1    11
  1.7488692759443210E+00 a       462     0    31     1    12
 -5.7473532422114315E-01 a       463     0    31     1    13
 -6.3547874754889278E-01 a       464     0    31     1    14
 -1.6960623546964598E-01 a       465     0    31     1    15
 -3.0199738050391822E-01 a       466     0    32     1     1
  3.0413057994611736E-01 a       467     0    32     1     2
  7.0289711555566681E-01 a       468     0    32     1     3
 -1.4961321524142468E-01 a       469     0    32     1     4
  7.7314493778152915E-01 a       470     0    32     1     5
 -4.5361633991123324E-01 a       471     0    32     1     6
  2.2045354483692409E-01 a       472     0    32     1     7
 -7.4023877771843971E-01 a       473     0    32     1     8
  2.0885076641044542E-01 a       474     0    32     1     9
  2.4329069816546103E-01 a       475     0    32     1    10
 -1.1181342039544764E+00 a       476     0    32     1    11
  7.4915481428354613E-01 a       477     0    32     1    12
  3.0221404705481215E-02 a       478     0    32     1    13
 -2.9789848567644461E-01 a       479     0    32     1    14
 -1.0051815353842211E+00 a       480     0    32     1    15
  6.9057550029539272E-01 a       481     0    33     1     1
 -2.9641687743710438E-01 a       482     0    33     1     2
  1.4747311786990447E+00 a       483     0    33     1     3
  9.2030309511448316E-01 a       484     0    33     1     4
 -4.0118622298953416E-01 a       485     0    33     1     5
  2.3690075375213362E+00 a       486     0    33     1     6
  3.5752693440314887E-01 a       487     0    33     1     7
  5.5887552655404282E-01 a       488     0    33     1     8
 -4.9083356468331826E-02 a       489     0    33     1     9
 -5.6642017192594241E-01 a       490     0    33     1    10
  7.4532843200440776E-02 a       491     0    33     1    11
  6.5361395552521462E-01 a       492     0    33     1    12
 -7.3717913473076924E-01 a       493     0    33     1    13
 -5.6885642988619833E-01 a       494     0    33     1    14
 -8.4654807421949385E-01 a       495     0    33     1    15
 -1.3398953050905744E+00 a       496     0    34     1     1
  4.7797870074380344E-01 a       497     0    34     1     2
  1.1380727819022265E+00 a       498     0    34     1     3
 -8.4470602360159908E-01 a       499     0    34     1     4
  1.4058098347262171E+00 a       500     0    34     1     5
  1.9116598527626416E+00 a       501     0    34     1     6
 -5.6907693213986488E-01 a       502     0    34     1     7
 -2.0202255653253456E+00 a       503     0    34     1     8
 -3.6978567075592985E+00 a       504     0    34     1     9
  1.3895228018717969E+00 a       505     0    34     1    10
  2.3946237897024597E-01 a       506     0    34     1    11
 -1.1792642360007392E-01 a       507     0    34     1    12
  1.1327325989033854E+00 a       508     0    34     1    13
  2.6163129939219326E-01 a       509     0    34     1    14
 -4.0812039303808577E-02 a       510     0    34     1    15
  5.0265211977470761E-02 a       511     0    35     1     1
  1.1768610850768643E-01 a       512     0    35     1     2
  1.7794329702985773E-01 a       513     0    35     1     3
 -2.6959526192247490E-01 a       514     0    35     1     4
  1.6828222193610970E-01 a       515     0    35     1     5
  1.2849541057860536E-01 a       516     0    35     1     6
  1.1341038274132291E-01 a       517     0    35     1     7
 -2.3149570152886537E-01 a       518     0    35     1     8
 -4.1964651803536222E-02 a       519     0    35     1     9
  1.9885310094684724E-01 a       520     0    35     1    10
 -4.3819471463554180E-02 a       521     0    35     1    11
  3.4602536043001780E-01 a       522     0    35     1    12
 -3.0796017054175451E-02 a       523     0    35     1    13
  2.5732264701842988E-01 a       524     0    35     1    14
 -2.8379853166822555E-01 a       525     0    35     1    15
  4.4807720775668552E-01 a       526     0    36     1     1
 -8.7854448204985586E-02 a       527     0    36     1     2
 -1.3136309283328986E+00 a       528     0    36     1     3
  5.6669300513449838E-01 a       529     0    36     1     4
 -5.4247833231552034E-01 a       530     0    36     1     5
 -7.2958833326658268E-01 a       531     0    36     1     6
  1.8522618031262275E-01 a       532     0    36     1     7
  3.7284359384564458E-01 a       533     0    36     1     8
  7.3535284485455710E-01 a       534     0    36     1     9
  5.1388266504988367E-01 a       535     0    36     1    10
  1.4442483747144105E-01 a       536     0    36     1    11
  5.7323091627381018E-01 a       537     0    36     1    12
  1.3568168091401081E-01 a       538     0    36     1    13
  4.6107790036929647E-01 a       539     0    36     1    14
  4.0512498318484286E-01 a       540     0    36     1    15
 -3.1317854962626757E+00 a       541     0    37     1     1
 -8.5816148857391084E-02 a       542     0    37     1     2
 -3.3984139863267859E-01 a       543     0    37     1     3
  4.0976402379538167E-02 a       544     0    37     1     4
  3.3611036351444173E-01 a       545     0    37     1     5
  2.5221973883435800E-01 a       546     0    37     1     6
 -1.0188865829230889E-01 a       547     0    37     1     7
  1.3110586215861824E+00 a       548     0    37     1     8
 -2.6864268817718653E+00 a       549     0    37     1     9
  5.1397318704884931E+00 a       550     0    37     1    10
 -8.2585142631179476E-01 a       551     0    37     1    11
  9.8103171711771020E-01 a       552     0    37     1    12
  9.0114204397462694E-01 a       553     0    37     1    13
 -4.7534203356271837E-01 a       554     0    37     1    14
  2.2973667108843210E+00 a       555     0    37     1    15
  3.1892922694796300E-01 a       556     0    38     1     1
 -1.3521024015372263E-01 a       557     0    38     1     2
  5.5501328201661893E-01 a       558     0    38     1     3
  9.7676462787328985E-02 a       559     0    38     1     4
 -5.8466437585649489E-01 a       560     0    38     1     5
  2.1750193220022662E-01 a       561     0    38     1     6
 -1.2227147510371879E-01 a       562     0    38     1     7
  8.0521186907702325E-01 a       563     0    38     1     8
 -1.6355327781261353E-01 a       564     0    38     1     9
 -2.0898017211144956E-01 a       565     0    38     1    10
  3.3323309691778746E-01 a       566     0    38     1    11
 -8.2333278491578166E-01 a       567     0    38     1    12
  6.8118410264558060E-02 a       568     0    38     1    13
 -2.2434374805967155E-01 a       569     0    38     1    14
  6.1304790214636362E-01 a       570     0    38     1    15
 -3.5779020196194650E-01 a       571     0    39     1     1
  1.7896049551660234E-01 a       572     0    39     1     2
  7.0416872969324085E-02 a       573     0    39     1     3
 -1.8249671108087934E-01 a       574     0    39     1     4
  1.1892927578538375E+00 a       575     0    39     1     5
 -1.3218044938744096E+00 a       576     0    39     1     6
  3.3476329718827935E-01 a       577     0    39     1     7
 -2.1508312233043095E-01 a       578     0    39     1     8
 -2.3891886147450217E-01 a       579     0    39     1     9
 -7.4570876045300605E-01 a       580     0    39     1    10
  3.5400120891162334E-01 a       581     0    39     1    11
 -1.0195147997431822E+00 a       582     0    39     1    12
  3.6343496710896914E-02 a       583     0    39     1    13
  4.7384748060489756E-01 a       584     0    39     1    14
  4.6647834188667192E-01 a       585     0    39     1    15
  1.3626514457583832E+00 a       586     0    40     1     1
 -1.0112853451611821E+00 a       587     0    40     1     2
  2.2278758145979451E+00 a       588     0    40     1     3
  1.4839008329211010E+00 a       589     0    40     1     4
 -1.6082681732134381E+00 a       590     0    40     1     5
  3.8827793941599859E-01 a       591     0    40     1     6
  8.0326936080006517E-01 a       592     0    40     1     7
  1.2749867805538933E+00 a       593     0    40     1     8
  1.2470462073644726E+00 a       594     0    40     1     9
 -1.9733072881782752E+00 a       595     0    40     1    10
  7.1388677042669113E-01 a       596     0    40     1    11
 -1.2275117508854536E+00 a       597     0    40     1    12
 -2.9293360976298866E-01 a       598     0    40     1    13
  1.4225660258700326E+00 a       599     0    40     1    14
  1.9138528555769347E+00 a       600     0    40     1    15
  5.9374981952716799E-01 a       601     0    41     1     1
  1.0997267039527478E-02 a       602     0    41     1     2
  2.5572573608323906E-01 a       603     0    41     1     3
 -4.9465980747802618E-01 a       604     0    41     1     4
 -3.0670352063574974E-01 a       605     0    41     1     5
  3.2680210194788906E-01 a       606     0    41     1     6
 -2.4285488522309568E-03 a       607     0    41     1     7
 -1.1146645748456419E-01 a       608     0    41     1     8
 -7.7319195861891454E-01 a       609     0    41     1     9
  1.0135278835768393E+00 a       610     0    41     1    10
 -5.8353530755185190E-01 a       611     0    41     1    11
  3.1513968121751168E-01 a       612     0    41     1    12
  2.5710601360882362E-01 a       613     0    41     1    13
  1.0396864078923111E-01 a       614     0    41     1    14
  3.9088235346020822E-01 a       615     0    41     1    15
 -8.0398852740283477E-01 a       616     0    42     1     1
 -1.5453598466249030E-01 a       617     0    42     1     2
 -7.9554936008901544E-01 a       618     0    42     1     3
  1.6793921671866968E-01 a       619     0    42     1     4
  1.0187219031609733E-01 a       620     0    42     1     5
  2.5001730195136995E-01 a       621     0    42     1     6
 -1.2749364129652979E-01 a       622     0    42     1     7
  4.8260388500264323E-01 a       623     0    42     1     8
 -6.2033936133404111E-01 a       624     0    42     1     9
 -6.3546307419430192E-01 a       625     0    42     1    10
  3.9225059740946550E-01 a       626     0    42     1    11
  7.9049812271856743E-02 a       627     0    42     1    12
 -3.6308946308521284E-01 a       628     0    42     1    13
 -1.5851184511109739E-01 a       629     0    42     1    14
  7.8061561903361898E-01 a       630     0    42     1    15
  4.9451355282628660E+00 a       631     0    43     1     1
  8.7560885119529297E-01 a       632     0    43     1     2
 -1.4649434142170015E-01 a       633     0    43     1     3
  3.6507574919962044E-01 a       634     0    43     1     4
 -1.4000427621778571E+00 a       635     0    43     1     5
  1.1296399245389628E+00 a       636     0    43     1     6
  2.8787928214417574E-01 a       637     0    43     1     7
  1.2103180281320320E+00 a       638     0    43     1     8
  1.9721152761440890E+00 a       639     0    43     1     9
 -1.4491458771017509E+00 a       640     0    43     1    10
 -2.6202487655548343E+00 a       641     0    43     1    11
 -1.8045823254622260E+00 a       642     0    43     1    12
 -5.6255656024037437E-01 a       643     0    43     1    13
 -3.4489646970897279E+00 a       644     0    43     1    14
 -9.0805421150631216E-01 a       645     0    43     1    15
 -5.3146809785974503E-01 a       646     0    44     1     1
 -7.7308096192265655E-02 a       647     0    44     1     2
 -1.4124235169312004E-03 a       648     0    44     1     3
  4.0730083047490276E-03 a       649     0    44     1     4
 -8.5244472700101404E-01 a       650     0    44     1     5
  6.2441477964549530E-01 a       651     0    44     1     6
  1.0053314460079948E-01 a       652     0    44     1     7
  6.6233671955292539E-01 a       653     0    44     1     8
  4.7606901722721962E-01 a       654     0    44     1     9
 -4.8913410138692442E-01 a       655     0    44     1    10
  3.4752715795817002E-01 a       656     0    44     1    11
 -5.2961152102546294E-03 a       657     0    44     1    12
 -4.7553126009153618E-01 a       658     0    44     1    13
  3.5003387431170423E-02 a       659     0    44     1    14
  1.6392512824127203E-01 a       660     0    44     1    15
 -3.4705789921193003E-01 a       661     0    45     1     1
  7.4235667909372017E-04 a       662     0    45     1     2
  7.3896967181995832E-01 a       663     0    45     1     3
 -1.1786590649835262E+00 a       664     0    45     1     4
 -3.8328580774201632E-01 a       665     0    45     1     5
  6.0762277583050905E-01 a       666     0    45     1     6
 -5.7901374821317242E-01 a       667     0    45     1     7
  2.5233977498900362E-01 a       668     0    45     1     8
  5.0580487130317847E-02 a       669     0    45     1     9
 -1.3850601394355491E-01 a       670     0    45     1    10
 -8.1166300004920700E-01 a       671     0    45     1    11
  7.8317416263873918E-01 a       672     0    45     1    12
  2.0013937499659007E-01 a       673     0    45     1    13
  3.6848089200864492E-01 a       674     0    45     1    14
  2.9978463114482151E-01 a       675     0    45     1    15
 -2.1862940205929253E+00 a       676     0    46     1     1
 -8.9162581185768652E-01 a       677     0    46     1     2
  1.6100282041717104E+00 a       678     0    46     1     3
  2.7702589851300194E+00 a       679     0    46     1     4
  2.2899523040356664E+00 a       680     0    46     1     5
 -1.8340420041227616E+00 a       681     0    46     1     6
 -9.9813682520375935E-01 a       682     0    46     1     7
  6.2071744951132241E-02 a       683     0    46     1     8
 -2.9829069121383029E+00 a       684     0    46     1     9
 -3.6346253830070077E+00 a       685     0    46     1    10
  2.1260933617559079E+00 a       686     0    46     1    11
 -8.8797181859439545E-01 a       687     0    46     1    12
  2.6709412865293033E-02 a       688     0    46     1    13
  2.7879003472207891E+00 a       689     0    46     1    14
  1.4018162048533611E+00 a       690     0    46     1    15
 -2.6390702981019509E-01 a       691     0    47     1     1
 -4.6086496589437365E-02 a       692     0    47     1     2
 -4.8632560905035052E-02 a       693     0    47     1     3
  1.8342864356734706E-01 a       694     0    47     1     4
 -1.4436722940130440E+00 a       695     0    47     1     5
 -6.1445494530135349E-02 a       696     0    47     1     6
 -1.5957118041043064E-01 a       697     0    47     1     7
  1.8582286066930978E-01 a       698     0    47     1     8
 -9.3606961662754312E-02 a       699     0    47     1     9
 -1.0392524230498645E-01 a       700     0    47     1    10
  1.6199312400098462E-01 a       701     0    47     1    11
 -2.7220234126809234E-01 a       702     0    47     1    12
  1.2950209536187621E-02 a       703     0    47     1    13
 -2.0490036867170067E-01 a       704     0    47     1    14
  1.0595200861202189E-01 a       705     0    47     1    15
 -2.2214186946469253E-01 a       706     0    48     1     1
 -9.4396078097654032E-02 a       707     0    48     1     2
  9.0903928717860727E-01 a       708     0    48     1     3
 -5.4242943029466373E-01 a       709     0    48     1     4
  1.6888271620657733E-01 a       710     0    48     1     5
  8.6858518781252136E-01 a       711     0    48     1     6
 -1.0368130844050284E-01 a       712     0    48     1     7
  1.7144145025770302E-02 a       713     0    48     1     8
  6.0544326236200474E-01 a       714     0    48     1     9
  6.3404784163067784E-01 a       715     0    48     1    10
 -7.0775378668917491E-02 a       716     0    48     1    11
 -2.8299849953036699E-01 a       717     0    48     1    12
  1.2244413369427248E-01 a       718     0    48     1    13
  2.1750327420168325E-01 a       719     0    48     1    14
  1.7156909031297508E-02 a       720     0    48     1    15
 -1.2426345820803626E+00 a       721     0    49     1     1
 -3.5488127302215389E-01 a       722     0    49     1     2
  1.4025082126512936E+00 a       723     0    49     1     3
 -1.9406807075388613E-01 a       724     0    49     1     4
  6.5298063857953548E-01 a       725     0    49     1     5
 -6.0900436702622573E-01 a       726     0    49     1     6
  2.3135216101466441E-01 a       727     0    49     1     7
 -2.5600930801843513E-01 a       728     0    49     1     8
  5.1171087849418229E-01 a       729     0    49     1     9
 -7.4824166673057357E-01 a       730     0    49     1    10
  5.5810479629846110E-01 a       731     0    49     1    11
  2.0221667559561420E+00 a       732     0    49     1    12
 -2.9296761301376018E-01 a       733     0    49     1    13
  2.3611939056496234E+00 a       734     0    49     1    14
 -2.8833088127820261E-01 a       735     0    49     1    15
 -5.6850255935479943E-01 a       736     0    50     1     1
  4.3546947488197457E-02 a       737     0    50     1     2
 -4.1360540826838377E-01 a       738     0    50     1     3
 -1.4082895074055360E-01 a       739     0    50     1     4
  1.0804407854043030E+00 a       740     0    50     1     5
 -4.1825812482102681E-01 a       741     0    50     1     6
 -1.2158858753772722E-01 a       742     0    50     1     7
 -4.2482087621318954E-01 a       743     0    50     1     8
 -1.2852435759550412E-01 a       744     0    50     1     9
 -1.4610693471866842E-01 a       745     0    50     1    10
 -3.7135687952501273E-02 a       746     0    50     1    11
 -4.2136116442028287E-01 a       747     0    50     1    12
 -7.7301384957189608E-03 a       748     0    50     1    13
  1.6251772508506481E-02 a       749     0    50     1    14
 -7.5099005991917767E-02 a       750     0    50     1    15
  6.6532614842201321E-01 a       751     0    51     1     1
  1.3740678035708437E-01 a       752     0    51     1     2
 -6.7409091710058133E-01 a       753     0    51     1     3
  2.2178765571803380E-01 a       754     0    51     1     4
  1.3926483280220456E-01 a       755     0    51     1     5
 -1.2955403758631867E-01 a       756     0    51     1     6
  1.5105929788266176E-01 a       757     0    51     1     7
 -1.8352420292153201E-01 a       758     0    51     1     8
 -3.0068008370528182E-01 a       759     0    51     1     9
  1.6688427964815686E-01 a       760     0    51     1    10
  3.2418343984744308E-01 a       761     0    51     1    11
 -9.5818872767862362E-01 a       762     0    51     1    12
 -2.3586173485643858E-01 a       763     0    51     1    13
 -2.1572705092030223E-01 a       764     0    51     1    14
 -4.4001163425290862E-01 a       765     0    51     1    15
 -1.3580257281131722E+00 a       766     0    52     1     1
  7.4108688014805435E-01 a       767     0    52     1     2
 -2.2141477102981160E+00 a       768     0    52     1     3
 -1.4918957978845777E+00 a       769     0    52     1     4
 -1.0981197567607279E+00 a       770     0    52     1     5
 -7.1920263186679967E-01 a       771     0    52     1     6
  6.1400473591126581E-01 a       772     0    52     1     7
 -1.5639951308174800E+00 a       773     0    52     1     8
  9.6279844946064386E-01 a       774     0    52     1     9
  1.0997455076136458E+00 a       775     0    52     1    10
 -3.7408588665055426E-01 a       776     0    52     1    11
  1.4023496716726844E+00 a       777     0    52     1    12
  2.6990209898662465E-01 a       778     0    52     1    13
 -2.4492939055489358E+00 a       779     0    52     1    14
 -2.2812117417326232E+00 a       780     0    52     1    15
 -6.0977452435215851E-01 a       781     0    53     1     1
  1.0977327347351027E-02 a       782     0    53     1     2
  1.0826148734681913E-02 a       783     0    53     1     3
  2.2353756845384770E-01 a       784     0    53     1     4
  1.7994448147994528E+00 a       785     0    53     1     5
 -5.5661017885283839E-02 a       786     0    53     1     6
 -1.9237716451690695E-01 a       787     0    53     1     7
  1.5031048639719646E-01 a       788     0    53     1     8
  1.3343638607922831E-01 a       789     0    53     1     9
 -4.4957500317860671E-01 a       790     0    53     1    10
 -4.9055875656108076E-02 a       791     0    53     1    11
  1.0544672957012025E-01 a       792     0    53     1    12
 -2.2603801464702764E-01 a       793     0    53     1    13
 -6.6521830462998421E-02 a       794     0    53     1    14
 -2.7033915071645076E-01 a       795     0    53     1    15
  3.3578873091498795E-01 a       796     0    54     1     1
 -5.1357054273042674E-03 a       797     0    54     1     2
 -8.6464222188047529E-03 a       798     0    54     1     3
 -2.4127519497762706E-02 a       799     0    54     1     4
 -7.3808135963449306E-01 a       800     0    54     1     5
 -2.5441352711962268E-03 a       801     0    54     1     6
  9.3160308953065332E-02 a       802     0    54     1     7
  1.1574079037671776E-01 a       803     0    54     1     8
 -1.0277999821159994E-01 a       804     0    54     1     9
  3.9511753559036056E-01 a       805     0    54     1    10
 -7.9394549352014676E-02 a       806     0    54     1    11
  8.6007611520882668E-02 a       807     0    54     1    12
  2.7678767465921312E-02 a       808     0    54     1    13
  2.8845499790586340E-02 a       809     0    54     1    14
 -8.1386477688466491E-02 a       810     0    54     1    15
  5.7646156067583658E-02 a       811     0    55     1     1
 -1.3738116167562170E-01 a       812     0    55     1     2
  1.3047459399522490E+00 a       813     0    55     1     3
  9.7957601025306457E-02 a       814     0    55     1     4
 -5.9426281737403622E-02 a       815     0    55     1     5
  4.6801354059081762E-01 a       816     0    55     1     6
 -9.8327107225247540E-02 a       817     0    55     1     7
 -1.9679624541714419E-01 a       818     0    55     1     8
 -7.2684472201380945E-01 a       819     0    55     1     9
  8.9940119969065324E-01 a       820     0    55     1    10
  7.2725102269356845E-01 a       821     0    55     1    11
 -9.5193590550228135E-01 a       822     0    55     1    12
 -8.1265438198233585E-03 a       823     0    55     1    13
  7.5277781438531655E-01 a       824     0    55     1    14
  7.2123029141368156E-01 a       825     0    55     1    15
  4.9872311151079163E-01 a       826     0    56     1     1
 -9.3762311682027873E-03 a       827     0    56     1     2
 -1.9341539618844206E-01 a       828     0    56     1     3
 -5.4242621071437985E-02 a       829     0    56     1     4
 -5.6733090137623221E-01 a       830     0    56     1     5
 -2.8102948589409904E-01 a       831     0    56     1     6
 -6.8175306777884984E-02 a       832     0    56     1     7
 -3.3366617231464862E-01 a       833     0    56     1     8
 -3.1106832342355156E-01 a       834     0    56     1     9
 -7.3405538305771878E-01 a       835     0    56     1    10
  2.3288023681159328E-02 a       836     0    56     1    11
 -1.3173149173427867E-01 a       837     0    56     1    12
  2.9267802655694330E-01 a       838     0    56     1    13
  8.8435523547598191E-02 a       839     0    56     1    14
  7.2415585064717652E-02 a       840     0    56     1    15
 -3.1958954563700220E-01 a       841     0    57     1     1
  3.0016100884865417E-02 a       842     0    57     1     2
 -3.4266181283098690E-01 a       843     0    57     1     3
  1.4593265029014560E-01 a       844     0    57     1     4
 -1.0906160294796261E+00 a       845     0    57     1     5
 -3.4015968930198659E-01 a       846     0    57     1     6
 -2.5907227751266936E-02 a       847     0    57     1     7
 -3.2317299746808342E-01 a       848     0    57     1     8
  1.5298587909917347E-02 a       849     0    57     1     9
 -3.1559201324129454E-01 a       850     0    57     1    10
  9.3663199873374223E-02 a       851     0    57     1    11
 -2.9272713699492897E-01 a       852     0    57     1    12
 -1.1647768580087954E-02 a       853     0    57     1    13
 -7.4332400411310312E-02 a       854     0    57     1    14
 -1.8961227789466636E-01 a       855     0    57     1    15
 -1.5861777360683240E+00 a       856     0    58     1     1
  4.8000655497437095E-02 a       857     0    58     1     2
 -8.3962699758311365E-01 a       858     0    58     1     3
 -1.6155003033919024E-01 a       859     0    58     1     4
 -5.0778159232971853E-01 a       860     0    58     1     5
 -1.0413306552296382E+00 a       861     0    58     1     6
  4.6528586531384247E-01 a       862     0    58     1     7
 -2.6028463482852626E-01 a       863     0    58     1     8
  4.1796741007951660E-01 a       864     0    58     1     9
  7.0945864035829265E-01 a       865     0    58     1    10
 -5.1450889994837468E-01 a       866     0    58     1    11
  1.2687281627079652E+00 a       867     0    58     1    12
  1.0463026361568167E-01 a       868     0    58     1    13
 -1.1187199418992091E+00 a       869     0    58     1    14
 -8.3561400509453176E-01 a       870     0    58     1    15
  1.9035455759510481E-01 a       871     0    59     1     1
  1.2002037883596739E-02 a       872     0    59     1     2
 -1.6654503304085164E-02 a       873     0    59     1     3
 -6.1371189941230628E-02 a       874     0    59     1     4
 -2.6765288617942129E-03 a       875     0    59     1     5
  2.7334280483950011E-02 a       876     0    59     1     6
  2.0918171693346188E-01 a       877     0    59     1     7
 -1.3280181788558515E-01 a       878     0    59     1     8
 -1.7629880007961740E-01 a       879     0    59     1     9
  2.1771551258239738E-01 a       880     0    59     1    10
  3.2250295438185986E-02 a       881     0    59     1    11
 -2.0085975687587709E-01 a       882     0    59     1    12
  6.4824803956100852E-02 a       883     0    59     1    13
  7.3078198174048120E-02 a       884     0    59     1    14
  2.5394800713013661E-03 a       885     0    59     1    15
  1.7393376076764172E-01 a       886     0    60     1     1
  7.9278059774167506E-02 a       887     0    60     1     2
 -1.5643328794409739E-01 a       888     0    60     1     3
  6.9425002840099781E-02 a       889     0    60     1     4
 -5.6594267977148760E-01 a       890     0    60     1     5
 -3.5680651447345607E-01 a       891     0    60     1     6
 -4.3666400504583550E-02 a       892     0    60     1     7
 -1.0933412022442858E-01 a       893     0    60     1     8
 -8.9744305304072083E-02 a       894     0    60     1     9
 -4.9831533919570165E-01 a       895     0    60     1    10
 -7.0337058113164999E-02 a       896     0    60     1    11
  2.8151319794835944E-01 a       897     0    60     1    12
 -8.0428013197402837E-02 a       898     0    60     1    13
 -1.2980366628466175E-01 a       899     0    60     1    14
 -1.5799058250716913E-01 a       900     0    60     1    15
  1.0890061291627175E-01 a       901     0    61     1     1
  7.5513705115038826E-02 a       902     0    61     1     2
 -1.0233620305161193E+00 a       903     0    61     1     3
 -4.3769448296993092E-02 a       904     0    61     1     4
 -1.7776381753190626E-01 a       905     0    61     1     5
  1.3019869540489742E-01 a       906     0    61     1     6
  1.4463087546908343E-02 a       907     0    61     1     7
  2.8900634091458988E-02 a       908     0    61     1     8
 -3.9280693429347041E-01 a       909     0    61     1     9
  1.3514069316986585E-01 a       910     0    61     1    10
 -2.5319154121597753E-01 a       911     0    61     1    11
  3.0073819552777253E-01 a       912     0    61     1    12
  4.8984261746014585E-02 a       913     0    61     1    13
 -8.1367423084692425E-01 a       914     0    61     1    14
  1.0786804890506525E-01 a       915     0    61     1    15
  2.8277615364386044E-01 a       916     0    62     1     1
 -2.0181587157060330E-03 a       917     0    62     1     2
  1.5551405760075965E-01 a       918     0    62     1     3
  7.0134885601448427E-02 a       919     0    62     1     4
 -4.7201032618442140E-01 a       920     0    62     1     5
  7.6766833335248467E-03 a       921     0    62     1     6
  6.2916428717995576E-02 a       922     0    62     1     7
  2.1160771651832391E-01 a       923     0    62     1     8
  2.9312482316909932E-01 a       924     0    62     1     9
  6.2830906793265195E-02 a       925     0    62     1    10
 -1.5188624048448571E-02 a       926     0    62     1    11
  1.4936365044708250E-01 a       927     0    62     1    12
 -5.3518623188693333E-02 a       928     0    62     1    13
 -5.6899186677717905E-03 a       929     0    62     1    14
 -3.1708775879802344E-02 a       930     0    62     1    15
 -3.2092282595328109E-01 a       931     0    63     1     1
 -5.2123005184897445E-02 a       932     0    63     1     2
  1.4005081387069340E-01 a       933     0    63     1     3
  5.7798169957069226E-02 a       934     0    63     1     4
 -9.0935863123987437E-01 a       935     0    63     1     5
  2.5029861971286708E-02 a       936     0    63     1     6
  1.6676341302480011E-02 a       937     0    63     1     7
  1.5557224869453343E-01 a       938     0    63     1     8
  1.5496666663546385E-01 a       939     0    63     1     9
 -2.0240521829595257E-01 a       940     0    63     1    10
 -2.2146529878472952E-02 a       941     0    63     1    11
  3.3084617132431265E-01 a       942     0    63     1    12
  8.1908782715768055E-02 a       943     0    63     1    13
  4.6789475688791556E-02 a       944     0    63     1    14
  1.4885911436300719E-01 a       945     0    63     1    15
  1.5933152091637177E+00 a       946     0    64     1     1
  8.7808851238047797E-02 a       947     0    64     1     2
 -3.4200021335862349E-02 a       948     0    64     1     3
 -9.6674966099457874E-02 a       949     0    64     1     4
  5.2894087569796307E-02 a       950     0    64     1     5
  7.9645622711827058E-01 a       951     0    64     1     6
 -1.5820482369851085E-01 a       952     0    64     1     7
  6.0734582209097676E-01 a       953     0    64     1     8
 -8.7578073053300010E-02 a       954     0    64     1     9
  6.9403752926332885E-02 a       955     0    64     1    10
 -4.2021186780220049E-01 a       956     0    64     1    11
 -1.3554533281451744E-01 a       957     0    64     1    12
 -2.5696919117790157E-01 a       958     0    64     1    13
  8.9407553653647998E-01 a       959     0    64     1    14
  5.8453306492172319E-01 a       960     0    64     1    15
  1.6590209488399865E-01 b       961     1     1
  5.7106957731434360E-01 b       962     1     2
 -3.1885775719130448E-02 b       963     1     3
 -9.4853915059933247E-01 b       964     1     4
  1.2670470829031591E-01 b       965     1     5
  1.0957958215690722E-01 b       966     1     6
 -3.0151135845652155E-01 b       967     1     7
  1.8811880740145751E-01 b       968     1     8
 -1.0389227883678520E+00 b       969     1     9
 -4.4887346461249578E-01 b       970     1    10
 -1.9784309695943170E-01 b       971     1    11
  6.8993467843641232E-01 b       972     1    12
  4.3236802313413242E-01 b       973     1    13
  1.4134447252015611E-01 b       974     1    14
  5.4553776077823091E-01 b       975     1    15
  3.4135488000512054E-01 a       976     1     1     2     1
  5.9373179340821525E-01 a       977     1     1     2     2
  1.8083437295774107E+00 a       978     1     1     2     3
  6.0535926261432886E-02 a       979     1     1     2     4
  2.0546624019830209E-01 a       980     1     1     2     5
 -2.1962512532421122E-01 a       981     1     1     2     6
  5.9495013639882723E-02 a       982     1     1     2     7
 -6.1903506003692765E-01 a       983     1     1     2     8
  2.3035811113835136E-01 a       984     1     1     2     9
 -2.4703602466598684E-01 a       985     1     1     2    10
  9.5403363473861058E-01 a       986     1     1     2    11
  3.7655163886177047E-02 a       987     1     1     2    12
  3.6625758287477148E-02 a       988     1     1     2    13
 -1.3594768964288724E+00 a       989     1     1     2    14
 -7.0052672691226459E-01 a       990     1     1     2    15
  9.4782159744598948E-01 a       991     1     2     2     1
  7.4417626729738973E-01 a       992     1     2     2     2
  7.8458786041085382E-01 a       993     1     2     2     3
 -1.3406489888684106E+00 a       994     1     2     2     4
  7.2849935030386093E-01 a       995     1     2     2     5
  4.3340417008712745E-01 a       996     1     2     2     6
  7.2611474836697254E-01 a       997     1     2     2     7
  3.7052084682460147E+00 a       998     1     2     2     8
 -4.6536881040516687E-01 a       999     1     2     2     9
 -2.2997355946913489E-01 a      1000     1     2     2    10
  1.0949184601386466E+00 a      1001     1     2     2    11
 -5.6556850168321005E-01 a      1002     1     2     2    12
 -2.4892268842434431E-01 a      1003     1     2     2    13
 -9.4454990479619916E-01 a      1004     1     2     2    14
 -2.8751247138547720E-01 a      1005     1     2     2    15
  1.6840014737280765E-01 a      1006     1     3     2     1
 -7.1867513775952141E-01 a      1007     1     3     2     2
  1.3913540039951431E+00 a      1008     1     3     2     3
  8.3781644873105240E-03 a      1009     1     3     2     4
 -1.3068218716090210E+00 a      1010     1     3     2     5
 -6.9660970883178075E-01 a      1011     1     3     2     6
  5.6845392370365677E-01 a      1012     1     3     2     7
 -1.7959118845037072E+00 a      1013     1     3     2     8
  3.5573759786332887E-01 a      1014     1     3     2     9
  6.7408481877380944E-01 a      1015     1     3     2    10
  3.0433854821631634E-01 a      1016     1     3     2    11
  8.2077528210692391E-03 a      1017     1     3     2    12
  5.3743846156534236E-01 a      1018     1     3     2    13
 -1.4099039827927196E-01 a      1019     1     3     2    14
  9.6860727122660029E-01 a      1020     1     3     2    15
  9.3017169341300512E-02 a      1021     1     4     2     1
  1.7613582808803777E-01 a      1022     1     4     2     2
  9.7714357999425827E-01 a      1023     1     4     2     3
  7.4051271791519019E-02 a      1024     1     4     2     4
 -4.4412419110913637E-01 a      1025     1     4     2     5
  5.3628876502522649E-01 a      1026     1     4     2     6
 -5.5456570440080744E-01 a      1027     1     4     2     7
 -7.0064661285512297E-01 a      1028     1     4     2     8
  1.4688265030019070E-02 a      1029     1     4     2     9
 -4.5574046347174196E-01 a      1030     1     4     2    10
  4.9846802806912538E-01 a      1031     1     4     2    11
  3.0652184403087723E-01 a      1032     1     4     2    12
  3.9456571560923304E-01 a      1033     1     4     2    13
 -3.8188696427142294E-01 a      1034     1     4     2    14
 -5.3044129341756924E-02 a      1035     1     4     2    15
 -3.2204661586156824E-01 a      1036     1     5     2     1
  7.6996921877195823E-01 a      1037     1     5     2     2
  1.7180791785253224E+00 a      1038     1     5     2     3
 -2.7356314005707566E-01 a      1039     1     5     2     4
  1.0136372224565111E-01 a      1040     1     5     2     5
  1.6799051469707655E+00 a      1041     1     5     2     6
 -1.3718601277825506E+00 a      1042     1     5     2     7
 -3.5729491299225818E-01 a      1043     1     5     2     8
 -6.4335824805837838E-01 a      1044     1     5     2     9
 -5.1491073475904492E-01 a      1045     1     5     2    10
  9.4024239096282869E-01 a      1046     1     5     2    11
 -3.4808482434278358E-02 a      1047     1     5     2    12
 -1.6606051637148042E-01 a      1048     1     5     2    13
  1.1681463414482118E+00 a      1049     1     5     2    14
  5.2387108661573167E-01 a      1050     1     5     2    15
  5.6571113255418644E-02 a      1051     1     6     2     1
 -1.6330266994586720E-01 a      1052     1     6     2     2
  3.9661379859486118E-01 a      1053     1     6     2     3
  4.0510463780386036E-01 a      1054     1     6     2     4
 -1.6498892677646468E-02 a      1055     1     6     2     5
 -3.7304330594917789E-01 a      1056     1     6     2     6
 -7.8380373829260566E-02 a      1057     1     6     2     7
  2.9594143067980254E-03 a      1058     1     6     2     8
  7.0626147826716823E-01 a      1059     1     6     2     9
 -4.7291397686384290E-01 a      1060     1     6     2    10
  2.3510740572816730E-01 a      1061     1     6     2    11
  7.6219088417581105E-01 a      1062     1     6     2    12
  3.9664288243143542E-01 a      1063     1     6     2    13
  1.8724774555669668E-01 a      1064     1     6     2    14
 -3.4817639683012130E-01 a      1065     1     6     2    15
 -3.5500345848782711E-01 a      1066     1     7     2     1
 -1.5979343323889432E+00 a      1067     1     7     2     2
 -2.8682217574268132E-01 a      1068     1     7     2     3
 -1.4730669081241168E-01 a      1069     1     7     2     4
 -1.3837703777408188E+00 a      1070     1     7     2     5
  3.3366301020495842E-01 a      1071     1     7     2     6
 -6.2001586191403613E-01 a      1072     1     7     2     7
 -5.8154369564304080E-02 a      1073     1     7     2     8
  2.6772211406482699E-01 a      1074     1     7     2     9
  3.9532916016294845E-01 a      1075     1     7     2    10
 -7.6254481436361010E-01 a      1076     1     7     2    11
  4.4432727628265661E-01 a      1077     1     7     2    12
  7.7903737870167622E-01 a      1078     1     7     2    13
  1.6775597051099111E+00 a      1079     1     7     2    14
  7.4628332755123139E-01 a      1080     1     7     2    15
 -3.6774725027022635E-02 a      1081     1     8     2     1
  1.0453594264668853E-01 a      1082     1     8     2     2
  6.8179666258438520E-01 a      1083     1     8     2     3
 -5.4896285165966419E-01 a      1084     1     8     2     4
  1.2681124988265149E+00 a      1085     1     8     2     5
 -4.3056843088423508E-01 a      1086     1     8     2     6
  1.0233163004690817E+00 a      1087     1     8     2     7
 -3.5013703463914453E-01 a      1088     1     8     2     8
 -5.9902054275559093E-02 a      1089     1     8     2     9
  7.6636911634257965E-01 a      1090     1     8     2    10
  2.0123242912579775E-01 a      1091     1     8     2    11
 -1.6177524945096533E-01 a      1092     1     8     2    12
 -8.5369305387034167E-01 a      1093     1     8     2    13
 -1.0181819716391580E+00 a      1094     1     8     2    14
  2.4484866521862811E-01 a      1095     1     8     2    15
  3.1158744517504802E-02 a      1096     1     9     2     1
 -2.3611579414773698E-01 a      1097     1     9     2     2
  4.3755621887001223E-01 a      1098     1     9     2     3
  2.1060043336039114E-01 a      1099     1     9     2     4
 -2.5861772144423467E-01 a      1100     1     9     2     5
  4.9491623093764425E-01 a      1101     1     9     2     6
 -4.1108152760423705E-01 a      1102     1     9     2     7
  3.5944277283304418E-02 a      1103     1     9     2     8
  1.3892861943371854E-01 a      1104     1     9     2     9
 -1.6496918897449703E-01 a      1105     1     9     2    10
  3.7666570201058130E-01 a      1106     1     9     2    11
  1.4138427074284238E-01 a      1107     1     9     2    12
  5.2765790620857532E-02 a      1108     1     9     2    13
 -4.2505069876085121E-02 a      1109     1     9     2    14
 -1.0487477548392281E-01 a      1110     1     9     2    15
  4.2180697298663257E-02 a      1111     1    10     2     1
 -7.4086072557074245E-01 a      1112     1    10     2     2
 -6.5761078844782361E-01 a      1113     1    10     2     3
 -4.8601207143498265E-01 a      1114     1    10     2     4
 -3.0202643986440325E-01 a      1115     1    10     2     5
 -4.2796882040827183E-01 a      1116     1    10     2     6
  1.6149974954449611E-02 a      1117     1    10     2     7
 -1.4401581034966771E-01 a      1118     1    10     2     8
  9.9875568243713728E-02 a      1119     1    10     2     9
  9.7793060833743409E-02 a      1120     1    10     2    10
 -4.4767502748373555E-01 a      1121     1    10     2    11
  2.2820656738497816E-01 a      1122     1    10     2    12
  3.1662758746857794E-01 a      1123     1    10     2    13
  3.7435427208286765E-01 a      1124     1    10     2    14
  1.1966080959279550E+00 a      1125     1    10     2    15
 -4.2650600512106412E-01 a      1126     1    11     2     1
 -1.2066193479595391E-01 a      1127     1    11     2     2
 -3.4218175699698128E-01 a      1128     1    11     2     3
 -6.8435535029214095E-02 a      1129     1    11     2     4
  1.3567999963951809E+00 a      1130     1    11     2     5
  6.2062399232342180E-01 a      1131     1    11     2     6
  3.9581016338267588E-01 a      1132     1    11     2     7
  1.0083522716932786E-01 a      1133     1    11     2     8
 -1.0071830182969441E+00 a      1134     1    11     2     9
  3.9368119885310454E-01 a      1135     1    11     2    10
  4.4286662956442222E-02 a      1136     1    11     2    11
 -8.0835023688308538E-01 a      1137     1    11     2    12
 -8.7244265120591946E-01 a      1138     1    11     2    13
 -1.1858085876236626E+00 a      1139     1    11     2    14
 -6.1072451183500986E-01 a      1140     1    11     2    15
 -2.3544011461917813E-01 a      1141     1    12     2     1
 -8.1954321300478428E-01 a      1142     1    12     2     2
 -2.0936756056553302E-01 a      1143     1    12     2     3
 -1.3372899781351291E-01 a      1144     1    12     2     4
 -2.7866789947238124E-01 a      1145     1    12     2     5
 -4.2626469166992798E-01 a      1146     1    12     2     6
  4.9133537579271808E-01 a      1147     1    12     2     7
  5.6892176944338424E-01 a      1148     1    12     2     8
  1.2098475696822221E-01 a      1149     1    12     2     9
  5.8764229112205701E-01 a      1150     1    12     2    10
 -2.0080126608687840E-01 a      1151     1    12     2    11
 -2.6369276340784453E-01 a      1152     1    12     2    12
  2.7090831236071394E-01 a      1153     1    12     2    13
  7.5778652509162503E-01 a      1154     1    12     2    14
  6.1876653876492005E-01 a      1155     1    12     2    15
 -9.8437718297789134E-03 a      1156     1    13     2     1
  1.5094798674393786E+00 a      1157     1    13     2     2
 -2.3671393884590938E-01 a      1158     1    13     2     3
 -1.3150625163952128E+00 a      1159     1    13     2     4
  2.9886201923220257E-01 a      1160     1    13     2     5
 -2.7360075885089374E-01 a      1161     1    13     2     6
  4.1745610856644666E-01 a      1162     1    13     2     7
  4.5512959316624158E-01 a      1163     1    13     2     8
 -4.9184623115565212E-01 a      1164     1    13     2     9
 -2.7437028160875704E-01 a      1165     1    13     2    10
 -8.7173768851916988E-01 a      1166     1    13     2    11
  4.8184363488124271E-01 a      1167     1    13     2    12
 -6.1376384984332688E-01 a      1168     1    13     2    13
 -4.7938356935525228E-01 a      1169     1    13     2    14
 -8.7746743604350042E-01 a      1170     1    13     2    15
 -5.2626071775193017E-01 a      1171     1    14     2     1
 -4.5464402061473064E-01 a      1172     1    14     2     2
  7.3390371241165031E-01 a      1173     1    14     2     3
 -2.8761543176366030E-02 a      1174     1    14     2     4
  7.4695360656897614E-01 a      1175     1    14     2     5
  1.4843320073640771E+00 a      1176     1    14     2     6
 -6.9738531489381428E-01 a      1177     1    14     2     7
 -4.2055932133477120E-01 a      1178     1    14     2     8
 -6.3647010599072695E-01 a      1179     1    14     2     9
  2.3380188246434624E-01 a      1180     1    14     2    10
  7.3381221924750184E-01 a      1181     1    14     2    11
 -4.5204074134575767E-01 a      1182     1    14     2    12
 -3.2067447563861456E-01 a      1183     1    14     2    13
 -7.0851650478592665E-01 a      1184     1    14     2    14
 -2.5224900433753189E-01 a      1185     1    14     2    15
  7.4454525381023762E-01 a      1186     1    15     2     1
  8.9713271511881920E-01 a      1187     1    15     2     2
  7.2558287476246086E-01 a      1188     1    15     2     3
  3.1344991157997504E-01 a      1189     1    15     2     4
 -1.4858032811289976E-01 a      1190     1    15     2     5
 -6.8386037546358991E-01 a      1191     1    15     2     6
  3.8406938381670486E-01 a      1192     1    15     2     7
  2.9959806895717200E-01 a      1193     1    15     2     8
  6.4894560856461114E-01 a      1194     1    15     2     9
 -5.3516234751405045E-01 a      1195     1    15     2    10
  3.2859161802334019E-01 a      1196     1    15     2    11
  4.6722943768493913E-01 a      1197     1    15     2    12
 -2.0720880844681461E-01 a      1198     1    15     2    13
  2.2209515759350928E+00 a      1199     1    15     2    14
 -9.9344137648455300E-01 a      1200     1    15     2    15
  1.5753688501024721E-01 b      1201     2     1
 -1.7708116866979597E+00 b      1202     2     2
 -2.8470518332490158E-01 b      1203     2     3
 -1.6501329786661637E-01 b      1204     2     4
 -9.3658723792633347E-01 b      1205     2     5
 -3.0306381897956836E-01 b      1206     2     6
 -9.9133577631923997E-01 b      1207     2     7
 -1.4684808154617721E+00 b      1208     2     8
  1.3625102180255727E-01 b      1209     2     9
  4.2904877683981485E-01 b      1210     2    10
 -3.9266591966089720E-01 b      1211     2    11
 -6.5034565951811940E-01 b      1212     2    12
  2.1016138548440980E-01 b      1213     2    13
 -5.6804265889677863E-01 b      1214     2    14
  1.8651588500357830E-01 b      1215     2    15
  7.6098773723336821E-01 a      1216     2     1     3     1
  1.0584878720522463E-01 a      1217     2     2     3     1
 -6.9336138216386478E-01 a      1218     2     3     3     1
  7.9761287616821441E-01 a      1219     2     4     3     1
  1.6504897287185746E-01 a      1220     2     5     3     1
 -2.6155635229539964E-01 a      1221     2     6     3     1
 -3.4520362258797260E-01 a      1222     2     7     3     1
  1.5668747122361248E-01 a      1223     2     8     3     1
 -9.6502284839700081E-01 a      1224     2     9     3     1
  9.3532789453527421E-01 a      1225     2    10     3     1
  5.1108279806573287E-01 a      1226     2    11     3     1
  8.4300150726879841E-01 a      1227     2    12     3     1
  4.4593957651395000E-01 a      1228     2    13     3     1
  1.0195533724713178E-01 a      1229     2    14     3     1
 -1.1682586179695086E-01 a      1230     2    15     3     1
 -1.1472002540414763E+00 b      1231     3     1
