################################################################################
# Neural network connection values (weights and biases).
################################################################################
# Col  Name       Description
################################################################################
# 1    connection Neural network connection value.
# 2    t          Connection type (a = weight, b = bias).
# 3    index      Index enumerating weights.
# 4    l_s        Starting point layer (end point layer for biases).
# 5    n_s        Starting point neuron in starting layer (end point neuron for biases).
# 6    l_e        End point layer.
# 7    n_e        End point neuron in end layer.
################################################################################
#                      1 2         3     4     5     6     7
#             connection t     index   l_s   n_s   l_e   n_e
############################################################
  9.2709536263218573E-01 a         1     0     1     1     1
  3.1564913912918197E-01 a         2     0     1     1     2
  8.8012174405352428E-01 a         3     0     1     1     3
  2.6211122752619737E-01 a         4     0     1     1     4
  1.0054513270700376E+00 a         5     0     1     1     5
  1.1058746283621490E+00 a         6     0     1     1     6
  8.3230067826634435E-01 a         7     0     1     1     7
  6.6642812430095399E-02 a         8     0     1     1     8
 -5.5663478092133278E-01 a         9     0     1     1     9
  4.7824680351165452E-02 a        10     0     1     1    10
  5.1407308829139298E-01 a        11     0     1     1    11
 -2.9832298711709271E-01 a        12     0     1     1    12
  1.9606840112498208E-01 a        13     0     1     1    13
  1.1062535847788464E+00 a        14     0     1     1    14
  1.4259096511784533E-01 a        15     0     1     1    15
 -5.2850557430536474E-02 a        16     0     2     1     1
  2.9998997782130384E-02 a        17     0     2     1     2
 -7.7525941785502539E-01 a        18     0     2     1     3
  9.5979447552151653E-01 a        19     0     2     1     4
 -6.0221809218596356E-01 a        20     0     2     1     5
  7.7454513403828673E-01 a        21     0     2     1     6
  3.2700701963850198E-01 a        22     0     2     1     7
  4.9343075091566319E-01 a        23     0     2     1     8
 -1.2140793192913684E+00 a        24     0     2     1     9
  2.6497588489754470E-01 a        25     0     2     1    10
  1.1521024384207224E+00 a        26     0     2     1    11
 -2.2532252830797525E-01 a        27     0     2     1    12
 -1.4510345981908246E-01 a        28     0     2     1    13
 -2.0129762876948534E-02 a        29     0     2     1    14
  5.8474901352525865E-01 a        30     0     2     1    15
  3.8432012952576267E-01 a        31     0     3     1     1
  5.6831614369490824E-01 a        32     0     3     1     2
 -3.9947739179904490E-01 a        33     0     3     1     3
  1.2092915547913634E-03 a        34     0     3     1     4
  6.5108135612035312E-01 a        35     0     3     1     5
 -8.9733547254459090E-01 a        36     0     3     1     6
 -5.3842317609856594E-01 a        37     0     3     1     7
 -5.6680833574092071E-01 a        38     0     3     1     8
  7.2418946965699416E-01 a        39     0     3     1     9
  1.0502947148399919E+00 a        40     0     3     1    10
 -7.3021954668693068E-01 a        41     0     3     1    11
  4.6604013853485782E-01 a        42     0     3     1    12
 -8.4369711883629217E-01 a        43     0     3     1    13
 -1.6461050704347999E-01 a        44     0     3     1    14
  4.1553029004336682E-02 a        45     0     3     1    15
  7.1788709889699398E-01 a        46     0     4     1     1
 -1.7754263835722501E+00 a        47     0     4     1     2
 -7.1972715109773799E-01 a        48     0     4     1     3
  2.6012703189464453E-01 a        49     0     4     1     4
  3.6666361641864470E-01 a        50     0     4     1     5
  1.3177592245442342E+00 a        51     0     4     1     6
 -8.3053338962832568E-01 a        52     0     4     1     7
  2.2832656718058375E-01 a        53     0     4     1     8
 -6.0547883422727289E-01 a        54     0     4     1     9
  5.2077085240485677E-01 a        55     0     4     1    10
 -4.9542146307664986E-01 a        56     0     4     1    11
 -8.7837235595279839E-01 a        57     0     4     1    12
  7.4458972706358773E-01 a        58     0     4     1    13
 -1.3106382009346822E+00 a        59     0     4     1    14
  3.1881878891430548E-01 a        60     0     4     1    15
 -2.0468303334734847E-01 a        61     0     5     1     1
  1.7778934042293321E-01 a        62     0     5     1     2
 -3.3979785822397829E-01 a        63     0     5     1     3
 -5.1939697772858040E-01 a        64     0     5     1     4
 -1.0087342356333560E+00 a        65     0     5     1     5
 -1.0127317269006786E+00 a        66     0     5     1     6
 -7.3627315725781017E-01 a        67     0     5     1     7
  6.4460670001296461E-01 a        68     0     5     1     8
 -7.0790476626164744E-01 a        69     0     5     1     9
  2.8805632522019425E-01 a        70     0     5     1    10
  1.4193723229668004E-01 a        71     0     5     1    11
 -5.7482107630634183E-01 a        72     0     5     1    12
  5.6708175579873477E-01 a        73     0     5     1    13
 -9.4532297966789358E-01 a        74     0     5     1    14
 -2.0869329977244628E-02 a        75     0     5     1    15
  8.2656858959273005E-01 a        76     0     6     1     1
 -2.9179202061656512E-01 a        77     0     6     1     2
 -2.8449118396248690E-01 a        78     0     6     1     3
  4.1883411831678219E-01 a        79     0     6     1     4
 -2.0494449677441731E-01 a        80     0     6     1     5
  8.1027968386946625E-01 a        81     0     6     1     6
  3.2961260745590854E-01 a        82     0     6     1     7
 -6.0049854019169047E-01 a        83     0     6     1     8
  4.6311564948497835E-01 a        84     0     6     1     9
  8.7449019176487494E-02 a        85     0     6     1    10
 -2.3693645401709054E-01 a        86     0     6     1    11
 -5.0690002637449705E-01 a        87     0     6     1    12
 -7.8539791084836208E-01 a        88     0     6     1    13
 -1.5822800958209384E+00 a        89     0     6     1    14
 -6.1921938504864649E-01 a        90     0     6     1    15
  3.9649499694376072E-01 a        91     0     7     1     1
 -8.5261631231243962E-01 a        92     0     7     1     2
 -2.6093260553849673E-01 a        93     0     7     1     3
  3.4597451103457251E-02 a        94     0     7     1     4
 -4.6852084797557325E-01 a        95     0     7     1     5
 -3.5379475940779315E-01 a        96     0     7     1     6
 -4.5641862048343279E-01 a        97     0     7     1     7
  2.8663976537459507E-01 a        98     0     7     1     8
 -1.0588708193252774E+00 a        99     0     7     1     9
 -1.2942512636714563E+00 a       100     0     7     1    10
  6.4036912425294723E-01 a       101     0     7     1    11
  9.3727745675385540E-02 a       102     0     7     1    12
  1.0948546296486166E+00 a       103     0     7     1    13
 -8.0034349281780748E-01 a       104     0     7     1    14
 -7.4047516433032834E-01 a       105     0     7     1    15
 -7.5662766437180495E-01 a       106     0     8     1     1
 -2.2062499344571312E-01 a       107     0     8     1     2
 -2.3434192630662634E-01 a       108     0     8     1     3
  1.4606474639800568E-01 a       109     0     8     1     4
 -7.2639850819091800E-01 a       110     0     8     1     5
 -2.0966937029428177E-02 a       111     0     8     1     6
  7.4896763472995265E-01 a       112     0     8     1     7
 -3.4141690265758401E-01 a       113     0     8     1     8
 -7.3914454533141272E-01 a       114     0     8     1     9
 -2.0994813323569336E-01 a       115     0     8     1    10
 -9.8493865895115951E-01 a       116     0     8     1    11
  4.7027608027448614E-01 a       117     0     8     1    12
 -1.1455939175549801E+00 a       118     0     8     1    13
 -1.0367492744725899E+00 a       119     0     8     1    14
  8.9728124856246927E-01 a       120     0     8     1    15
  1.0063795048060825E-01 a       121     0     9     1     1
  2.5199231017925122E-01 a       122     0     9     1     2
 -6.4955237449543490E-01 a       123     0     9     1     3
  1.2561506289495519E+00 a       124     0     9     1     4
  2.0843417735012434E-01 a       125     0     9     1     5
  9.9271121433563014E-01 a       126     0     9     1     6
  1.1932564757359519E-02 a       127     0     9     1     7
  2.5288278515668206E-01 a       128     0     9     1     8
 -1.2391247592747425E+00 a       129     0     9     1     9
  1.0281024686266640E-01 a       130     0     9     1    10
  1.0650802216767876E+00 a       131     0     9     1    11
 -1.0905384843205284E+00 a       132     0     9     1    12
 -8.7336453390450175E-01 a       133     0     9     1    13
 -1.2911035328155412E-01 a       134     0     9     1    14
 -2.5368386063877890E-01 a       135     0     9     1    15
  2.4907441277028236E-01 a       136     0    10     1     1
  2.6172600500768983E-01 a       137     0    10     1     2
  2.4495635035350422E-01 a       138     0    10     1     3
 -5.3190042713598273E-01 a       139     0    10     1     4
 -7.1745381205425030E-01 a       140     0    10     1     5
 -1.6201081325397317E+00 a       141     0    10     1     6
  6.5296768783671821E-01 a       142     0    10     1     7
  6.4239076211478419E-01 a       143     0    10     1     8
  2.6241032888569665E-01 a       144     0    10     1     9
  2.7458888007491966E-01 a       145     0    10     1    10
  4.5440506703240818E-01 a       146     0    10     1    11
 -5.5863131385441911E-01 a       147     0    10     1    12
 -4.6266183488987345E-01 a       148     0    10     1    13
 -1.9899353215070739E-01 a       149     0    10     1    14
  8.0705745012753005E-01 a       150     0    10     1    15
 -3.7027504157229968E-01 a       151     0    11     1     1
 -4.6083545947704191E-01 a       152     0    11     1     2
  1.0021576056259562E+00 a       153     0    11     1     3
 -9.7039055056222678E-01 a       154     0    11     1     4
  4.7692957594695960E-02 a       155     0    11     1     5
  5.8358467889768195E-01 a       156     0    11     1     6
 -3.2248917293493146E-01 a       157     0    11     1     7
  1.0062427710184985E+00 a       158     0    11     1     8
 -1.0578512540556093E-01 a       159     0    11     1     9
 -6.0021299020224450E-01 a       160     0    11     1    10
 -5.1989992430456844E-01 a       161     0    11     1    11
  5.0651330373155772E-02 a       162     0    11     1    12
 -1.6539801578614539E+00 a       163     0    11     1    13
  7.5318245003523721E-01 a       164     0    11     1    14
  7.7804882824664401E-01 a       165     0    11     1    15
 -9.2865130452348343E-01 a       166     0    12     1     1
  4.7868772442833568E-01 a       167     0    12     1     2
 -1.7463723310599807E-01 a       168     0    12     1     3
 -7.0428874245680462E-01 a       169     0    12     1     4
 -4.2287226837366026E-01 a       170     0    12     1     5
 -3.4145585931324229E-01 a       171     0    12     1     6
  7.1380000103766728E-01 a       172     0    12     1     7
  4.7255106344031761E-01 a       173     0    12     1     8
 -3.0488275049444102E-01 a       174     0    12     1     9
  2.7665394073068800E-01 a       175     0    12     1    10
 -4.2702924280119886E-01 a       176     0    12     1    11
 -5.6259892589840044E-01 a       177     0    12     1    12
 -1.0214386123812378E+00 a       178     0    12     1    13
 -1.6313280383970163E-01 a       179     0    12     1    14
  7.2658671158461263E-01 a       180     0    12     1    15
 -1.2534043898811680E+00 a       181     0    13     1     1
  8.0698304103562624E-01 a       182     0    13     1     2
 -7.9970901562642771E-01 a       183     0    13     1     3
 -5.1358007652061799E-01 a       184     0    13     1     4
  2.1298106050384485E-01 a       185     0    13     1     5
  6.0416481251851367E-02 a       186     0    13     1     6
  7.5926313666926692E-01 a       187     0    13     1     7
  5.7667227116897049E-02 a       188     0    13     1     8
 -1.7311438352599035E-01 a       189     0    13     1     9
 -1.5869172797763346E-02 a       190     0    13     1    10
  5.2317096600098589E-01 a       191     0    13     1    11
  2.5490234994659416E-01 a       192     0    13     1    12
  3.8395344473385533E+00 a       193     0    13     1    13
  8.1213606667727734E-01 a       194     0    13     1    14
 -7.8651081322208816E-01 a       195     0    13     1    15
 -1.1930475736806760E-01 a       196     0    14     1     1
  2.6656254164593279E-01 a       197     0    14     1     2
 -3.3702147990016756E-01 a       198     0    14     1     3
  7.9795919357820899E-01 a       199     0    14     1     4
  1.1238993884296751E+00 a       200     0    14     1     5
  5.6771143927902656E-01 a       201     0    14     1     6
  4.7805228691679337E-02 a       202     0    14     1     7
  1.1818703117521552E+00 a       203     0    14     1     8
 -3.5773797949781233E-01 a       204     0    14     1     9
  2.9626583606642928E-02 a       205     0    14     1    10
  5.8362324805242372E-01 a       206     0    14     1    11
  1.0717155986466191E+00 a       207     0    14     1    12
 -1.4525094199247921E+00 a       208     0    14     1    13
  5.4687896465158581E-01 a       209     0    14     1    14
  3.0318669978234958E-01 a       210     0    14     1    15
  2.0986728944441055E+00 a       211     0    15     1     1
 -8.4857308822846456E-01 a       212     0    15     1     2
  6.2149394453836604E-01 a       213     0    15     1     3
  8.3420916482714524E-01 a       214     0    15     1     4
  1.2471431744176624E+00 a       215     0    15     1     5
  1.1940508419961162E+00 a       216     0    15     1     6
 -4.0283277260747502E-01 a       217     0    15     1     7
 -9.6371561707870368E-01 a       218     0    15     1     8
  4.2052104099993604E-01 a       219     0    15     1     9
  3.8480809706803021E-01 a       220     0    15     1    10
 -1.4440432870477558E+00 a       221     0    15     1    11
 -8.7814444123429514E-01 a       222     0    15     1    12
 -3.6723124491722179E+00 a       223     0    15     1    13
 -2.0967441907496825E-01 a       224     0    15     1    14
  1.1096455640825588E-01 a       225     0    15     1    15
  1.7434242531914720E-01 a       226     0    16     1     1
 -1.3936673921948595E-01 a       227     0    16     1     2
  2.6720913972478239E-01 a       228     0    16     1     3
 -2.1574580144675551E-01 a       229     0    16     1     4
 -1.7486467302078275E+00 a       230     0    16     1     5
 -1.8231845706567576E-01 a       231     0    16     1     6
  2.2879696100247732E-01 a       232     0    16     1     7
 -3.0642108010199742E-01 a       233     0    16     1     8
 -4.9738123824017315E-02 a       234     0    16     1     9
 -7.9905662410654898E-01 a       235     0    16     1    10
  3.1635789189130836E-01 a       236     0    16     1    11
 -4.5309198485176999E-01 a       237     0    16     1    12
  3.8731020560888438E-02 a       238     0    16     1    13
 -9.5517968545775628E-02 a       239     0    16     1    14
 -2.4985357216539072E-01 a       240     0    16     1    15
 -4.0693036665706200E-01 a       241     0    17     1     1
  3.2594554735545900E-01 a       242     0    17     1     2
 -5.4481840587668040E-01 a       243     0    17     1     3
  7.1395924344208095E-01 a       244     0    17     1     4
 -3.4965111268653626E-01 a       245     0    17     1     5
  4.9253077991428773E-01 a       246     0    17     1     6
  6.0181694114913609E-01 a       247     0    17     1     7
 -2.9807287540333671E-01 a       248     0    17     1     8
 -8.2146563801109029E-01 a       249     0    17     1     9
  1.8147211613088778E-02 a       250     0    17     1    10
 -3.5856885224446222E-01 a       251     0    17     1    11
 -2.4649964520237291E-01 a       252     0    17     1    12
 -5.0593596789090001E-01 a       253     0    17     1    13
 -7.5115240936550765E-01 a       254     0    17     1    14
  4.5796260458552390E-01 a       255     0    17     1    15
  1.4751429858088333E-01 a       256     0    18     1     1
  7.8472468529491002E-01 a       257     0    18     1     2
  1.1459477322114955E-01 a       258     0    18     1     3
 -3.0681630988158848E-01 a       259     0    18     1     4
  1.6440540185863892E-01 a       260     0    18     1     5
  6.1639835901642692E-01 a       261     0    18     1     6
 -8.4531475892235208E-01 a       262     0    18     1     7
 -1.7844115677963349E-01 a       263     0    18     1     8
 -1.3881296002094231E-02 a       264     0    18     1     9
 -7.5001770234876197E-01 a       265     0    18     1    10
  5.0332082154225077E-02 a       266     0    18     1    11
 -6.8686672526454079E-02 a       267     0    18     1    12
  2.6069233846933304E-01 a       268     0    18     1    13
 -5.3174315877511135E-03 a       269     0    18     1    14
 -5.1590784194927108E-01 a       270     0    18     1    15
  7.9227283539950688E-01 a       271     0    19     1     1
 -3.0959767748403733E-01 a       272     0    19     1     2
  4.3446570122476319E-01 a       273     0    19     1     3
  3.4544068111407983E-01 a       274     0    19     1     4
 -2.7803176237222144E-01 a       275     0    19     1     5
 -1.1172238434933697E+00 a       276     0    19     1     6
  2.9917003302763628E-01 a       277     0    19     1     7
 -2.9127808768922285E-02 a       278     0    19     1     8
  7.6142139852125434E-01 a       279     0    19     1     9
 -2.0392135476482918E+00 a       280     0    19     1    10
  5.3573425460863966E-01 a       281     0    19     1    11
  1.4381392523590436E-01 a       282     0    19     1    12
 -1.5944757188671450E+00 a       283     0    19     1    13
  4.6415489450034464E-01 a       284     0    19     1    14
 -9.3108382074422669E-01 a       285     0    19     1    15
  3.2645526622133431E-01 a       286     0    20     1     1
  8.1044794147087595E-01 a       287     0    20     1     2
  3.2832095043473941E-01 a       288     0    20     1     3
 -5.3430044532232357E-01 a       289     0    20     1     4
 -5.1607850527588661E-01 a       290     0    20     1     5
  1.0903907909491677E-01 a       291     0    20     1     6
 -6.8884770104913756E-02 a       292     0    20     1     7
 -2.4352397061461442E-01 a       293     0    20     1     8
 -2.8691450124027051E-01 a       294     0    20     1     9
 -5.4825651655907330E-03 a       295     0    20     1    10
  3.1338083512828152E-01 a       296     0    20     1    11
  4.5786743792421053E-01 a       297     0    20     1    12
 -1.1623164842695688E+00 a       298     0    20     1    13
  6.2748589988038472E-01 a       299     0    20     1    14
 -2.5455655579219144E-01 a       300     0    20     1    15
  6.9350391230479813E-01 a       301     0    21     1     1
 -3.2858933991733269E-01 a       302     0    21     1     2
 -1.0380409448276467E-01 a       303     0    21     1     3
 -7.0889303546329352E-01 a       304     0    21     1     4
 -6.7006137802214830E-02 a       305     0    21     1     5
 -1.4596209938600235E-02 a       306     0    21     1     6
 -1.1408402594834036E-01 a       307     0    21     1     7
  4.0923416976186866E-01 a       308     0    21     1     8
 -9.7112021137864368E-01 a       309     0    21     1     9
  4.0473901710588213E-02 a       310     0    21     1    10
 -1.1098719384820850E+00 a       311     0    21     1    11
 -3.8342807346306679E-01 a       312     0    21     1    12
  5.2978249589637982E-01 a       313     0    21     1    13
 -5.8867581957700776E-01 a       314     0    21     1    14
  2.5209013023852261E-01 a       315     0    21     1    15
 -3.0482149325703234E-01 a       316     0    22     1     1
  8.5762947609765072E-01 a       317     0    22     1     2
  2.6992339909560439E-03 a       318     0    22     1     3
  3.5284586330182133E-01 a       319     0    22     1     4
 -6.3725175996312267E-01 a       320     0    22     1     5
  1.1632923711759682E+00 a       321     0    22     1     6
  1.3355652511203445E-01 a       322     0    22     1     7
 -1.4499799153438255E+00 a       323     0    22     1     8
  3.3455940291914466E-01 a       324     0    22     1     9
  6.6494437310576349E-01 a       325     0    22     1    10
  9.3492862129884058E-02 a       326     0    22     1    11
  7.5072393281235217E-01 a       327     0    22     1    12
  8.0546055407830219E-01 a       328     0    22     1    13
 -8.5069079541112813E-02 a       329     0    22     1    14
 -1.4105996136094452E+00 a       330     0    22     1    15
  5.1266694469139139E-02 a       331     0    23     1     1
 -1.5245793320554563E-01 a       332     0    23     1     2
  1.0277058841651272E-01 a       333     0    23     1     3
 -3.4429838485860076E-01 a       334     0    23     1     4
  5.2055912786276015E-01 a       335     0    23     1     5
  2.2873082879270154E-01 a       336     0    23     1     6
  3.0108771733221917E-01 a       337     0    23     1     7
  1.5815379954235426E-01 a       338     0    23     1     8
  2.3298053270329560E-02 a       339     0    23     1     9
  5.3034706924550612E-01 a       340     0    23     1    10
  5.3587471143809440E-01 a       341     0    23     1    11
  2.3464795143992856E-01 a       342     0    23     1    12
  1.0439435505736147E-01 a       343     0    23     1    13
  2.3609501935924965E-01 a       344     0    23     1    14
 -6.6058088875772178E-02 a       345     0    23     1    15
  5.5209859372396108E-01 a       346     0    24     1     1
 -3.6343714721905707E-01 a       347     0    24     1     2
 -3.6767051677266954E-01 a       348     0    24     1     3
  6.8157061359209581E-01 a       349     0    24     1     4
  1.2964476446530131E+00 a       350     0    24     1     5
 -1.2240564013716669E-01 a       351     0    24     1     6
 -6.9564778894687451E-01 a       352     0    24     1     7
  9.3705650632290294E-01 a       353     0    24     1     8
  2.6661820715709950E-01 a       354     0    24     1     9
  1.2501022183688884E-01 a       355     0    24     1    10
 -2.4028573568317083E-01 a       356     0    24     1    11
 -4.6315878648925762E-01 a       357     0    24     1    12
  1.8282166745223466E-01 a       358     0    24     1    13
 -2.0770449992950449E-01 a       359     0    24     1    14
 -8.0658006596329235E-01 a       360     0    24     1    15
  1.1473424746141219E+00 a       361     0    25     1     1
 -1.2067554487900005E+00 a       362     0    25     1     2
 -8.4463634844267860E-02 a       363     0    25     1     3
 -8.1622793174090949E-02 a       364     0    25     1     4
 -4.5205030658560902E-01 a       365     0    25     1     5
 -1.2895956481116869E-01 a       366     0    25     1     6
  3.1301088691403195E-01 a       367     0    25     1     7
  2.2826754506803906E-01 a       368     0    25     1     8
 -3.8898085908383373E-01 a       369     0    25     1     9
 -8.3789092495803097E-01 a       370     0    25     1    10
 -3.8381113868750921E-01 a       371     0    25     1    11
  4.9146154154456484E-01 a       372     0    25     1    12
 -5.2801795788578432E-01 a       373     0    25     1    13
 -7.5454061010780282E-01 a       374     0    25     1    14
  9.9522561191537773E-01 a       375     0    25     1    15
 -1.2696481682116259E-01 a       376     0    26     1     1
 -8.0292056819094915E-01 a       377     0    26     1     2
  5.9755807373666064E-02 a       378     0    26     1     3
  6.1797216607243799E-01 a       379     0    26     1     4
  1.7679554591839700E-01 a       380     0    26     1     5
  6.2681888450750589E-01 a       381     0    26     1     6
  3.2599081030292215E-01 a       382     0    26     1     7
 -1.5135247919318162E+00 a       383     0    26     1     8
 -1.0016295732961535E+00 a       384     0    26     1     9
 -4.3171448293336623E-01 a       385     0    26     1    10
  8.4181504750748010E-02 a       386     0    26     1    11
  6.2299109775306205E-01 a       387     0    26     1    12
 -1.0264978636653065E-02 a       388     0    26     1    13
  1.4675416855503234E+00 a       389     0    26     1    14
  4.9338594157846650E-03 a       390     0    26     1    15
 -1.9522090132123482E-01 a       391     0    27     1     1
 -4.6466449942733384E-01 a       392     0    27     1     2
 -1.5607801128580948E-01 a       393     0    27     1     3
  6.7527518448529264E-02 a       394     0    27     1     4
 -3.9681559732131710E-01 a       395     0    27     1     5
  2.6036116903699008E-01 a       396     0    27     1     6
  1.2709963502119775E-01 a       397     0    27     1     7
 -6.5935662660041505E-03 a       398     0    27     1     8
  1.0801802383320491E+00 a       399     0    27     1     9
 -9.2997416102037447E-02 a       400     0    27     1    10
  3.8864484958986062E-01 a       401     0    27     1    11
 -2.1551760454083330E-01 a       402     0    27     1    12
 -9.1952210047700889E-01 a       403     0    27     1    13
  6.9406562282367301E-01 a       404     0    27     1    14
  1.1622719822133443E-01 a       405     0    27     1    15
 -5.6408666591785461E-01 a       406     0    28     1     1
  5.2737204959608396E-02 a       407     0    28     1     2
 -3.4738233619218484E-01 a       408     0    28     1     3
 -5.5074020336330110E-01 a       409     0    28     1     4
 -1.9370798187916147E-01 a       410     0    28     1     5
 -8.6002520177185460E-01 a       411     0    28     1     6
 -2.7647982179749109E-01 a       412     0    28     1     7
 -3.7786560206928183E-01 a       413     0    28     1     8
  4.6323390098737233E-01 a       414     0    28     1     9
  8.1348453257618369E-01 a       415     0    28     1    10
 -1.8821794161810274E-01 a       416     0    28     1    11
 -5.7178141651900305E-01 a       417     0    28     1    12
 -1.6306892727415656E-01 a       418     0    28     1    13
  1.1077587332618684E+00 a       419     0    28     1    14
 -2.1875599231330667E-01 a       420     0    28     1    15
 -8.9811225659959304E-01 a       421     0    29     1     1
 -1.1940616687808179E+00 a       422     0    29     1     2
  4.3762981724198330E-01 a       423     0    29     1     3
 -2.6986993388662456E-01 a       424     0    29     1     4
  9.1739104782022118E-01 a       425     0    29     1     5
 -2.0130952073269106E+00 a       426     0    29     1     6
 -7.2400391110063389E-01 a       427     0    29     1     7
  1.0661996806365996E+00 a       428     0    29     1     8
 -7.5158386892796458E-01 a       429     0    29     1     9
 -1.0064459983641698E+00 a       430     0    29     1    10
  3.3868163560132686E-01 a       431     0    29     1    11
  2.8516617807386802E-01 a       432     0    29     1    12
  8.0712612661753624E-01 a       433     0    29     1    13
 -2.1851309670000504E-01 a       434     0    29     1    14
 -2.1089291564393195E-02 a       435     0    29     1    15
 -6.7277796100428300E-01 a       436     0    30     1     1
 -2.3171300865473271E-01 a       437     0    30     1     2
  9.8557058127152902E-02 a       438     0    30     1     3
 -4.4621815522518427E-01 a       439     0    30     1     4
 -2.9057664786199983E-01 a       440     0    30     1     5
 -6.4516617459082015E-01 a       441     0    30     1     6
  2.0678175310501989E-01 a       442     0    30     1     7
  1.8543360776996731E-01 a       443     0    30     1     8
 -4.1601647783956186E-01 a       444     0    30     1     9
  3.5632771264940388E-01 a       445     0    30     1    10
  6.2367786357134802E-01 a       446     0    30     1    11
  3.7296731165709557E-01 a       447     0    30     1    12
 -4.3202623177284044E-01 a       448     0    30     1    13
  9.6380997444366701E-01 a       449     0    30     1    14
  1.0725248531735123E+00 a       450     0    30     1    15
  8.0642439299238977E-02 a       451     0    31     1     1
 -9.4929418786154785E-03 a       452     0    31     1     2
 -1.5749061799561517E-01 a       453     0    31     1     3
 -9.0453001337663574E-01 a       454     0    31     1     4
 -5.4298618248950070E-01 a       455     0    31     1     5
  3.7921226989811352E-01 a       456     0    31     1     6
 -1.4803436165863615E+00 a       457     0    31     1     7
  3.3982820699099475E-01 a       458     0    31     1     8
  1.8334037663296315E-01 a       459     0    31     1     9
 -1.0675421427395004E+00 a       460     0    31     1    10
 -7.9266375893055907E-01 a       461     0    31     1    11
  3.0791056503209618E-01 a       462     0    31     1    12
  9.8543511319849897E-02 a       463     0    31     1    13
  1.1117058119047252E+00 a       464     0    31     1    14
 -3.2573110380709169E-01 a       465     0    31     1    15
 -9.2833015872316382E-01 a       466     0    32     1     1
 -2.3520585505541355E-01 a       467     0    32     1     2
 -5.0586030794930563E-03 a       468     0    32     1     3
 -7.2177571364172161E-02 a       469     0    32     1     4
 -1.0822478811120311E+00 a       470     0    32     1     5
  1.3460338920876169E+00 a       471     0    32     1     6
  1.0642724374990489E+00 a       472     0    32     1     7
 -7.1797755498169150E-02 a       473     0    32     1     8
 -2.2151236693600229E-01 a       474     0    32     1     9
  1.5180508026692794E+00 a       475     0    32     1    10
 -1.3566059156228616E-01 a       476     0    32     1    11
  2.8833829049679566E-01 a       477     0    32     1    12
  1.5291629278150007E+00 a       478     0    32     1    13
 -2.4136606829494037E-01 a       479     0    32     1    14
  2.6328530688701901E-01 a       480     0    32     1    15
  3.0474905722357618E-02 a       481     0    33     1     1
 -7.4607544455140493E-03 a       482     0    33     1     2
  1.2657481002025786E-01 a       483     0    33     1     3
 -3.2353926139065298E-01 a       484     0    33     1     4
 -1.0329814463779290E+00 a       485     0    33     1     5
  9.1824907392955180E-01 a       486     0    33     1     6
  6.0769616694896189E-01 a       487     0    33     1     7
  5.5097194560843765E-01 a       488     0    33     1     8
 -8.7021641750283463E-01 a       489     0    33     1     9
 -2.6338048851819973E-01 a       490     0    33     1    10
  7.7979827963506287E-01 a       491     0    33     1    11
  7.6432786470361502E-01 a       492     0    33     1    12
 -7.2848282368417297E-02 a       493     0    33     1    13
 -8.5730437946467419E-01 a       494     0    33     1    14
 -8.4858923179344103E-01 a       495     0    33     1    15
 -4.4653761891013088E-01 a       496     0    34     1     1
  1.1851705001466353E+00 a       497     0    34     1     2
  7.7075750974187629E-01 a       498     0    34     1     3
 -5.2739263729387664E-01 a       499     0    34     1     4
  7.3704615706137466E-01 a       500     0    34     1     5
 -7.7980011368042568E-01 a       501     0    34     1     6
 -7.3140050039583981E-01 a       502     0    34     1     7
 -1.0707244350522445E+00 a       503     0    34     1     8
 -1.1492389655761585E-01 a       504     0    34     1     9
  2.3672592631933775E-01 a       505     0    34     1    10
  5.1903717578959174E-02 a       506     0    34     1    11
 -7.6659748566074815E-01 a       507     0    34     1    12
 -1.8652579202219824E-01 a       508     0    34     1    13
 -3.7216091065508528E-01 a       509     0    34     1    14
  1.4372606102180305E+00 a       510     0    34     1    15
  4.0310759608941804E-01 a       511     0    35     1     1
  3.2085478888975932E-01 a       512     0    35     1     2
 -2.0569198079761433E-01 a       513     0    35     1     3
 -4.3252335326203867E-01 a       514     0    35     1     4
 -3.7199457745116399E-01 a       515     0    35     1     5
  1.6754761829576081E-01 a       516     0    35     1     6
 -4.2940868387525044E-01 a       517     0    35     1     7
 -6.6925212811029777E-01 a       518     0    35     1     8
 -1.1537710487949335E-01 a       519     0    35     1     9
  7.3058204020602258E-02 a       520     0    35     1    10
 -3.9404768793239159E-01 a       521     0    35     1    11
 -6.6234438224869119E-01 a       522     0    35     1    12
 -2.5764512348758689E-01 a       523     0    35     1    13
 -4.3648410136563776E-01 a       524     0    35     1    14
  1.6448663206845529E-02 a       525     0    35     1    15
  2.7195208479013322E-01 a       526     0    36     1     1
 -6.6723301680918745E-01 a       527     0    36     1     2
 -3.7252568523812403E-02 a       528     0    36     1     3
 -7.6325129402371450E-01 a       529     0    36     1     4
 -3.2607552593427805E-02 a       530     0    36     1     5
 -9.7765553862057286E-01 a       531     0    36     1     6
  8.8367546016294118E-01 a       532     0    36     1     7
 -4.2207048122300389E-02 a       533     0    36     1     8
  2.6688968277696962E-01 a       534     0    36     1     9
 -2.6357613384143075E-01 a       535     0    36     1    10
  2.7936897583962172E-01 a       536     0    36     1    11
  4.8748029268213533E-02 a       537     0    36     1    12
 -1.2785170319495620E-01 a       538     0    36     1    13
  2.2484078670599680E-01 a       539     0    36     1    14
  7.0361812555999614E-01 a       540     0    36     1    15
 -1.2592908798842317E+00 a       541     0    37     1     1
 -5.2005567336894121E-01 a       542     0    37     1     2
 -5.0222053426639407E-03 a       543     0    37     1     3
 -3.5365793946454110E-01 a       544     0    37     1     4
  6.2430271719280317E-01 a       545     0    37     1     5
  9.5223080149051098E-01 a       546     0    37     1     6
 -1.3175557387541523E-01 a       547     0    37     1     7
 -4.9764725986359110E-01 a       548     0    37     1     8
  6.3915967659515793E-01 a       549     0    37     1     9
  3.7563388286401056E-01 a       550     0    37     1    10
  4.6994201737011226E-01 a       551     0    37     1    11
 -3.9046791949749010E-01 a       552     0    37     1    12
  1.0298785252809275E+00 a       553     0    37     1    13
  3.9777392831491581E-01 a       554     0    37     1    14
 -5.5049800957168016E-01 a       555     0    37     1    15
 -1.1356428867119654E-01 a       556     0    38     1     1
  4.2679644505161163E-01 a       557     0    38     1     2
 -7.5889290371783727E-02 a       558     0    38     1     3
 -6.9619041833373929E-01 a       559     0    38     1     4
  2.3967473343496765E-02 a       560     0    38     1     5
 -1.0841674332144295E+00 a       561     0    38     1     6
 -2.5573263305562227E-01 a       562     0    38     1     7
 -1.0022128935064061E+00 a       563     0    38     1     8
  4.7250180173081552E-02 a       564     0    38     1     9
 -2.8600804308695543E-01 a       565     0    38     1    10
 -3.8658212908515432E-01 a       566     0    38     1    11
 -6.8831077159233556E-01 a       567     0    38     1    12
  3.4423942850206440E-01 a       568     0    38     1    13
 -1.4936790407830736E+00 a       569     0    38     1    14
  3.3663776658715128E-01 a       570     0    38     1    15
 -7.0998410270359846E-01 a       571     0    39     1     1
  7.0078075658286554E-01 a       572     0    39     1     2
  1.8714684431096718E-01 a       573     0    39     1     3
  4.6179238220672075E-01 a       574     0    39     1     4
  1.7811132119918310E-01 a       575     0    39     1     5
 -1.0713149173051386E+00 a       576     0    39     1     6
 -2.4681903747773043E-01 a       577     0    39     1     7
 -8.2499348928323879E-01 a       578     0    39     1     8
 -6.6321864128530461E-01 a       579     0    39     1     9
  3.7852505818544591E-01 a       580     0    39     1    10
 -5.2445634113285400E-01 a       581     0    39     1    11
  1.7455465544522350E-01 a       582     0    39     1    12
  8.6639933136041447E-01 a       583     0    39     1    13
 -5.9261108514436189E-01 a       584     0    39     1    14
  9.8107743066395539E-02 a       585     0    39     1    15
  1.4530788203091706E-02 a       586     0    40     1     1
 -2.2315718806358792E-01 a       587     0    40     1     2
  4.4360830026963138E-01 a       588     0    40     1     3
  5.0106286940491940E-01 a       589     0    40     1     4
  5.8689209143152354E-01 a       590     0    40     1     5
  7.5554525080187740E-01 a       591     0    40     1     6
  2.6024547050656416E-01 a       592     0    40     1     7
  5.5261977732921597E-01 a       593     0    40     1     8
 -1.9949109764119143E-02 a       594     0    40     1     9
 -1.5827743390162527E-01 a       595     0    40     1    10
  1.2044979277319769E-01 a       596     0    40     1    11
  6.1642881314332987E-01 a       597     0    40     1    12
 -8.7744863752488120E-02 a       598     0    40     1    13
 -7.0262215332801370E-01 a       599     0    40     1    14
  2.3934601088382593E-01 a       600     0    40     1    15
  1.1022351270398962E+00 a       601     0    41     1     1
  3.1612472029518246E-01 a       602     0    41     1     2
  3.1674075328579038E-01 a       603     0    41     1     3
  2.9568188692466474E-01 a       604     0    41     1     4
  3.8060859060108365E-01 a       605     0    41     1     5
  9.0702240697596925E-01 a       606     0    41     1     6
 -2.6565070108361777E-01 a       607     0    41     1     7
  1.2207755190449136E-01 a       608     0    41     1     8
  2.0804998005836242E-01 a       609     0    41     1     9
 -9.5086387799683966E-02 a       610     0    41     1    10
 -4.3963316421137477E-01 a       611     0    41     1    11
 -5.9647900812391774E-01 a       612     0    41     1    12
 -1.5758852733477652E-01 a       613     0    41     1    13
  1.2552661552765849E+00 a       614     0    41     1    14
 -1.7714435496066694E-01 a       615     0    41     1    15
  3.5596847306622281E-01 a       616     0    42     1     1
 -1.9148005524310902E-01 a       617     0    42     1     2
  8.4509559502749160E-02 a       618     0    42     1     3
 -1.1550328530138727E-02 a       619     0    42     1     4
 -2.7307393878436076E-01 a       620     0    42     1     5
  8.3318708944874442E-01 a       621     0    42     1     6
  5.7870090758919412E-02 a       622     0    42     1     7
 -1.3147632114943371E+00 a       623     0    42     1     8
 -3.2175667315098172E-01 a       624     0    42     1     9
  2.2245707741425844E-01 a       625     0    42     1    10
 -1.3239396770126939E+00 a       626     0    42     1    11
  2.4189199984538712E-01 a       627     0    42     1    12
  5.2715110245258046E-01 a       628     0    42     1    13
  3.7847016055176804E-03 a       629     0    42     1    14
 -2.3155962326906873E-01 a       630     0    42     1    15
  8.8577296743251244E-01 a       631     0    43     1     1
  1.6859415149582444E+00 a       632     0    43     1     2
  7.3066217329929267E-02 a       633     0    43     1     3
  6.5487806543997384E-01 a       634     0    43     1     4
  3.8990390580235140E-01 a       635     0    43     1     5
 -4.4542400767401125E-01 a       636     0    43     1     6
  8.3868490233260173E-01 a       637     0    43     1     7
  1.0619604506272733E+00 a       638     0    43     1     8
  2.1574384822112311E-01 a       639     0    43     1     9
  2.5939081724975777E-01 a       640     0    43     1    10
  3.2177820628741649E-01 a       641     0    43     1    11
 -8.2143944523647772E-01 a       642     0    43     1    12
  4.1164688157210866E-01 a       643     0    43     1    13
 -3.1768363082949430E-01 a       644     0    43     1    14
  6.9136206702157910E-01 a       645     0    43     1    15
  2.7531202869426513E-01 a       646     0    44     1     1
 -2.8560423171069471E-01 a       647     0    44     1     2
 -1.6533527168061274E-01 a       648     0    44     1     3
 -2.4445226391068581E-01 a       649     0    44     1     4
  9.1723776113979827E-01 a       650     0    44     1     5
  1.2820496180085270E-01 a       651     0    44     1     6
 -6.2767188378996108E-01 a       652     0    44     1     7
 -4.2552600325362772E-01 a       653     0    44     1     8
  1.4393287576807694E+00 a       654     0    44     1     9
 -7.0683478064159300E-01 a       655     0    44     1    10
 -7.7540286031647743E-01 a       656     0    44     1    11
  1.1497337599289985E-01 a       657     0    44     1    12
 -7.8281646662242410E-01 a       658     0    44     1    13
 -7.2380751826087875E-01 a       659     0    44     1    14
 -3.1206193844198998E-01 a       660     0    44     1    15
  4.3291210818180281E-01 a       661     0    45     1     1
  2.1036978763253111E-01 a       662     0    45     1     2
 -5.4371238574327282E-02 a       663     0    45     1     3
 -1.5546420047076878E-01 a       664     0    45     1     4
  2.1832685449064512E-01 a       665     0    45     1     5
 -5.3142695607322743E-01 a       666     0    45     1     6
 -1.1335445815766779E-01 a       667     0    45     1     7
 -5.5024158259843352E-02 a       668     0    45     1     8
  4.5736865734242921E-01 a       669     0    45     1     9
  6.1561482708132553E-01 a       670     0    45     1    10
  4.2650772880021265E-01 a       671     0    45     1    11
 -3.7180514257955533E-01 a       672     0    45     1    12
 -1.4802982440734272E-01 a       673     0    45     1    13
  5.8086485652163322E-01 a       674     0    45     1    14
 -1.4521084369168383E-01 a       675     0    45     1    15
 -3.0545354024947224E-01 a       676     0    46     1     1
 -9.5138416543732451E-03 a       677     0    46     1     2
 -3.7054758333245003E-01 a       678     0    46     1     3
 -1.6312810189135296E-01 a       679     0    46     1     4
 -5.1337919405546018E-01 a       680     0    46     1     5
  2.6707485707116468E-01 a       681     0    46     1     6
  1.1568644355339451E-01 a       682     0    46     1     7
  7.9232958377729534E-01 a       683     0    46     1     8
  6.0028899227486443E-01 a       684     0    46     1     9
  4.0126926259416279E-01 a       685     0    46     1    10
  5.1179400405117086E-02 a       686     0    46     1    11
  1.0711960098914886E+00 a       687     0    46     1    12
 -6.2674009741653358E-01 a       688     0    46     1    13
  4.5884293738290316E-01 a       689     0    46     1    14
  3.9696715444604647E-01 a       690     0    46     1    15
 -1.8328606014941909E-01 a       691     0    47     1     1
  3.4363696400777194E-03 a       692     0    47     1     2
 -4.6530787678381182E-02 a       693     0    47     1     3
  8.8246099130788613E-01 a       694     0    47     1     4
  6.8299145733341990E-02 a       695     0    47     1     5
 -2.6114850167021209E-01 a       696     0    47     1     6
  9.4527802654673976E-02 a       697     0    47     1     7
 -1.9757167640451589E-01 a       698     0    47     1     8
 -6.9784351948250822E-01 a       699     0    47     1     9
 -2.5666790468540468E-01 a       700     0    47     1    10
  4.4992316948392030E-01 a       701     0    47     1    11
  5.4729847039977986E-01 a       702     0    47     1    12
  1.1215870374212667E-02 a       703     0    47     1    13
  1.0659682612687683E-01 a       704     0    47     1    14
 -3.3411963162327207E-01 a       705     0    47     1    15
 -7.4087325432561149E-02 a       706     0    48     1     1
  9.2533506606760380E-02 a       707     0    48     1     2
 -4.7863258130760228E-02 a       708     0    48     1     3
 -1.6325913780019147E-01 a       709     0    48     1     4
 -7.8719229816371006E-01 a       710     0    48     1     5
  5.7799321859558550E-01 a       711     0    48     1     6
 -3.4816212745788300E-01 a       712     0    48     1     7
 -1.1573154636377849E+00 a       713     0    48     1     8
  4.3989855400592642E-01 a       714     0    48     1     9
  3.5988158574809670E-01 a       715     0    48     1    10
  1.1047121894394027E-01 a       716     0    48     1    11
 -9.2408821488599052E-02 a       717     0    48     1    12
 -4.2437768780163876E-01 a       718     0    48     1    13
 -1.2078860938163828E-01 a       719     0    48     1    14
 -2.0011542379099162E-01 a       720     0    48     1    15
  3.0091500464738902E-01 a       721     0    49     1     1
  5.0230856872083074E-01 a       722     0    49     1     2
  1.1910731384367310E-02 a       723     0    49     1     3
  4.0219680116778367E-01 a       724     0    49     1     4
 -5.6540939694953296E-01 a       725     0    49     1     5
 -4.7356366358875984E-01 a       726     0    49     1     6
 -7.0121725555171613E-02 a       727     0    49     1     7
 -6.8253459218237236E-02 a       728     0    49     1     8
  7.2816887123953478E-01 a       729     0    49     1     9
 -1.4967516299674849E-01 a       730     0    49     1    10
  6.6454702782094782E-02 a       731     0    49     1    11
  1.6596914085548922E-01 a       732     0    49     1    12
  3.0165466986201478E-01 a       733     0    49     1    13
  1.6039611588836444E-01 a       734     0    49     1    14
 -4.5113858385570510E-01 a       735     0    49     1    15
  6.0597973566865260E-01 a       736     0    50     1     1
 -8.8916446244390046E-02 a       737     0    50     1     2
 -1.6065987493844150E-01 a       738     0    50     1     3
  5.6405753067867004E-01 a       739     0    50     1     4
 -8.2837539463556195E-02 a       740     0    50     1     5
 -3.7529239505476308E-01 a       741     0    50     1     6
  1.6130021917148428E-02 a       742     0    50     1     7
 -1.8702317909112993E-02 a       743     0    50     1     8
  6.8903448769823461E-01 a       744     0    50     1     9
  4.0963633885069334E-01 a       745     0    50     1    10
  4.0901092409323814E-01 a       746     0    50     1    11
 -3.6205677912379197E-01 a       747     0    50     1    12
 -4.3056088672121767E-01 a       748     0    50     1    13
  8.1745124202055500E-02 a       749     0    50     1    14
  1.2373947070444915E-02 a       750     0    50     1    15
  1.3326954117189857E-01 a       751     0    51     1     1
  2.7858945808228303E-01 a       752     0    51     1     2
 -9.2628665122616773E-03 a       753     0    51     1     3
  3.2359047896292453E-01 a       754     0    51     1     4
  1.4176882486244247E+00 a       755     0    51     1     5
  3.1640141534426741E-01 a       756     0    51     1     6
  1.9136567696928403E-01 a       757     0    51     1     7
  6.5919763302637269E-01 a       758     0    51     1     8
 -2.7436314412458901E-01 a       759     0    51     1     9
 -3.5359926574720307E-01 a       760     0    51     1    10
  3.0994746879006885E-01 a       761     0    51     1    11
  1.1094555149212267E-01 a       762     0    51     1    12
 -3.7004263392735554E-01 a       763     0    51     1    13
  3.5169664884042451E-01 a       764     0    51     1    14
  2.8123816532286433E-01 a       765     0    51     1    15
  2.2304264985134126E-01 a       766     0    52     1     1
 -2.5321125328767680E-01 a       767     0    52     1     2
 -3.2634159118518136E-01 a       768     0    52     1     3
  1.2903630902093352E-01 a       769     0    52     1     4
  2.1307885437589713E-01 a       770     0    52     1     5
 -4.5615499363937312E-01 a       771     0    52     1     6
 -8.4266031179809464E-02 a       772     0    52     1     7
  4.1005887332554136E-01 a       773     0    52     1     8
 -5.9523368709870450E-01 a       774     0    52     1     9
  1.8661380308276820E-01 a       775     0    52     1    10
 -3.5020444330862172E-03 a       776     0    52     1    11
 -3.6826396141298179E-01 a       777     0    52     1    12
 -3.4976859873457805E-02 a       778     0    52     1    13
  2.7933533756886769E-01 a       779     0    52     1    14
 -2.8920746575350997E-01 a       780     0    52     1    15
 -5.0251182265223782E-01 a       781     0    53     1     1
  2.3407299965493275E-01 a       782     0    53     1     2
 -1.2309361149772426E-01 a       783     0    53     1     3
  2.8529512349618452E-01 a       784     0    53     1     4
 -3.4714795710908497E-01 a       785     0    53     1     5
 -2.2833137175098231E-01 a       786     0    53     1     6
  2.3475813278143118E-01 a       787     0    53     1     7
 -1.2324739091692425E+00 a       788     0    53     1     8
 -1.3665734401340335E+00 a       789     0    53     1     9
  5.0062799288265691E-01 a       790     0    53     1    10
  1.0249813074458210E-01 a       791     0    53     1    11
  7.2026142962305495E-01 a       792     0    53     1    12
  6.3880319927776708E-02 a       793     0    53     1    13
 -5.3863691666416957E-01 a       794     0    53     1    14
 -3.7517849743106048E-02 a       795     0    53     1    15
  2.4787192831108393E-01 a       796     0    54     1     1
 -2.2329107481990376E-01 a       797     0    54     1     2
 -1.8127883869390687E-01 a       798     0    54     1     3
 -3.3068810212025845E-01 a       799     0    54     1     4
 -1.2503379181426361E-01 a       800     0    54     1     5
 -3.2439071585499946E-01 a       801     0    54     1     6
  5.3559488626095136E-02 a       802     0    54     1     7
 -1.3414175079624099E-01 a       803     0    54     1     8
  8.1611803244392134E-01 a       804     0    54     1     9
 -1.0064256164936797E-01 a       805     0    54     1    10
  5.7576499528191005E-01 a       806     0    54     1    11
 -2.2196318779461208E-01 a       807     0    54     1    12
 -3.8669006604130740E-01 a       808     0    54     1    13
 -2.1412871724192151E-01 a       809     0    54     1    14
 -9.9711133320548179E-02 a       810     0    54     1    15
 -3.6499504111139203E-01 a       811     0    55     1     1
 -3.3621152595119541E-01 a       812     0    55     1     2
 -1.4063122371788587E-02 a       813     0    55     1     3
 -2.9209724510279356E-01 a       814     0    55     1     4
 -5.9438247229871877E-01 a       815     0    55     1     5
  5.4211865283290028E-01 a       816     0    55     1     6
 -1.4496580959830768E-01 a       817     0    55     1     7
 -7.2821406518326304E-01 a       818     0    55     1     8
  3.7732746704726172E-01 a       819     0    55     1     9
  1.1201178724157814E+00 a       820     0    55     1    10
 -2.6425426011983499E-01 a       821     0    55     1    11
  5.2476627526127462E-01 a       822     0    55     1    12
  9.0238656132910344E-01 a       823     0    55     1    13
  1.0890994999837693E-01 a       824     0    55     1    14
 -3.6482495916216096E-01 a       825     0    55     1    15
 -1.5414839682828555E-02 a       826     0    56     1     1
  4.1046619199361055E-02 a       827     0    56     1     2
  5.4386872568357600E-02 a       828     0    56     1     3
  2.8907225202464487E-01 a       829     0    56     1     4
 -5.6536111200189787E-01 a       830     0    56     1     5
 -2.1838632925304985E-01 a       831     0    56     1     6
  1.7074298759246107E-01 a       832     0    56     1     7
 -8.1799334259489287E-01 a       833     0    56     1     8
 -1.1331095909406373E-01 a       834     0    56     1     9
  1.5212648634378015E-01 a       835     0    56     1    10
  4.0465900110117542E-01 a       836     0    56     1    11
 -4.5574270992331584E-01 a       837     0    56     1    12
  2.4638585190322054E-01 a       838     0    56     1    13
  3.1909766041691358E-02 a       839     0    56     1    14
  4.2921700697701209E-02 a       840     0    56     1    15
 -4.6881080814130949E-02 a       841     0    57     1     1
 -5.4452696132202064E-02 a       842     0    57     1     2
  5.0905768330423859E-02 a       843     0    57     1     3
  2.8820239751308280E-01 a       844     0    57     1     4
  3.5835174971810430E-01 a       845     0    57     1     5
  3.9737395251788869E-02 a       846     0    57     1     6
 -1.3047582348556757E-02 a       847     0    57     1     7
  2.0605149717291088E-01 a       848     0    57     1     8
  1.6573126698457519E-01 a       849     0    57     1     9
  2.4661669369919478E-01 a       850     0    57     1    10
 -3.8050770749654433E-01 a       851     0    57     1    11
  9.3703747909017782E-02 a       852     0    57     1    12
  2.9424811011914037E-01 a       853     0    57     1    13
 -3.5868788093110937E-01 a       854     0    57     1    14
  8.5531291391991296E-02 a       855     0    57     1    15
  6.6390668791624433E-02 a       856     0    58     1     1
 -2.0762953488851169E-01 a       857     0    58     1     2
  1.3902073928751599E-01 a       858     0    58     1     3
  1.1046395880831662E-01 a       859     0    58     1     4
  6.3823999124073794E-01 a       860     0    58     1     5
 -7.3483624825896032E-01 a       861     0    58     1     6
 -5.5835228446242413E-01 a       862     0    58     1     7
  1.7984635607246369E-01 a       863     0    58     1     8
 -2.7444812787257228E-01 a       864     0    58     1     9
 -7.9595879762634469E-01 a       865     0    58     1    10
 -1.5144729906780782E-01 a       866     0    58     1    11
 -5.5321667450542533E-01 a       867     0    58     1    12
 -4.9986817273048600E-02 a       868     0    58     1    13
  3.5636756183341051E-01 a       869     0    58     1    14
 -4.4947215747031621E-01 a       870     0    58     1    15
  7.2657461928138878E-02 a       871     0    59     1     1
 -1.5354312610535389E-01 a       872     0    59     1     2
  1.5052536606252331E-01 a       873     0    59     1     3
 -4.3171955439988979E-01 a       874     0    59     1     4
  8.4257567651903745E-02 a       875     0    59     1     5
  8.2496307749457362E-02 a       876     0    59     1     6
 -4.5182488008309336E-03 a       877     0    59     1     7
  8.2047495884443600E-01 a       878     0    59     1     8
  1.2951146009302469E-01 a       879     0    59     1     9
  5.3961221644265957E-02 a       880     0    59     1    10
 -2.2698516396109386E-01 a       881     0    59     1    11
 -3.7343370017136307E-01 a       882     0    59     1    12
  8.8531686103820340E-02 a       883     0    59     1    13
  4.7780611163022492E-03 a       884     0    59     1    14
  3.0310646517343287E-01 a       885     0    59     1    15
 -8.4349673837839284E-02 a       886     0    60     1     1
  3.1428475666934963E-01 a       887     0    60     1     2
  8.7120438446696064E-02 a       888     0    60     1     3
  2.0663344229772010E-01 a       889     0    60     1     4
  3.8638446369379337E-01 a       890     0    60     1     5
 -1.0163105925141797E-01 a       891     0    60     1     6
  4.7775824437517662E-02 a       892     0    60     1     7
  4.4507623851430961E-01 a       893     0    60     1     8
 -9.4113165103268626E-01 a       894     0    60     1     9
 -1.3875842125732796E-01 a       895     0    60     1    10
 -4.4475653340931592E-02 a       896     0    60     1    11
  1.1991648353072118E-01 a       897     0    60     1    12
  2.5275748760416872E-01 a       898     0    60     1    13
  3.5261227591327410E-02 a       899     0    60     1    14
  5.5445136062426945E-02 a       900     0    60     1    15
 -1.6777928928780023E-01 a       901     0    61     1     1
 -2.5995760579213212E-01 a       902     0    61     1     2
  2.5854717585603617E-02 a       903     0    61     1     3
 -1.2174503206074122E-01 a       904     0    61     1     4
  5.7412008776801671E-01 a       905     0    61     1     5
  5.7982854036986303E-02 a       906     0    61     1     6
 -8.5319554592280814E-02 a       907     0    61     1     7
  1.1180310591912394E-01 a       908     0    61     1     8
  6.1611832874456240E-01 a       909     0    61     1     9
 -4.1752432253440847E-01 a       910     0    61     1    10
 -1.0721071628409702E-01 a       911     0    61     1    11
 -8.1872008793051412E-02 a       912     0    61     1    12
 -2.8034850770463293E-01 a       913     0    61     1    13
 -5.2738931715839023E-02 a       914     0    61     1    14
  2.6190342407642386E-01 a       915     0    61     1    15
 -3.1813615037010506E-01 a       916     0    62     1     1
  8.2507376055255280E-02 a       917     0    62     1     2
 -7.6581181538957946E-02 a       918     0    62     1     3
 -2.0740748041366430E-01 a       919     0    62     1     4
 -2.0237852650523538E-01 a       920     0    62     1     5
  1.1039771057236572E-01 a       921     0    62     1     6
  6.9133081088012568E-02 a       922     0    62     1     7
 -3.4285634925337338E-01 a       923     0    62     1     8
 -2.7637593453169174E-01 a       924     0    62     1     9
 -2.9845995020754201E-01 a       925     0    62     1    10
 -1.4676838402842243E-01 a       926     0    62     1    11
  1.7412613780421929E-01 a       927     0    62     1    12
  8.0711437350243873E-02 a       928     0    62     1    13
 -2.0946549267878349E-03 a       929     0    62     1    14
  8.9009185970450270E-03 a       930     0    62     1    15
 -1.3597528937616202E-01 a       931     0    63     1     1
 -3.7913810585009933E-01 a       932     0    63     1     2
  3.3840917517131822E-02 a       933     0    63     1     3
 -2.5559063179993663E-01 a       934     0    63     1     4
 -6.3970290197483737E-01 a       935     0    63     1     5
  3.6983044366158464E-02 a       936     0    63     1     6
  5.6432581900965721E-02 a       937     0    63     1     7
 -4.1988514426120743E-01 a       938     0    63     1     8
  5.3422604819383668E-01 a       939     0    63     1     9
 -6.2700386005675540E-02 a       940     0    63     1    10
 -2.1763199731759694E-01 a       941     0    63     1    11
  3.9049772429004787E-02 a       942     0    63     1    12
  1.9867857869216829E-01 a       943     0    63     1    13
  9.7655278308142163E-02 a       944     0    63     1    14
  2.0251783618428654E-02 a       945     0    63     1    15
 -7.2329434298506023E-02 a       946     0    64     1     1
 -2.2930595819317645E-01 a       947     0    64     1     2
  9.4763891647170084E-02 a       948     0    64     1     3
  1.1443544324501391E-01 a       949     0    64     1     4
  4.1091179992752891E-01 a       950     0    64     1     5
  4.3872089169851983E-02 a       951     0    64     1     6
  1.8719021714680792E-01 a       952     0    64     1     7
 -2.4455109679099890E-01 a       953     0    64     1     8
  2.6739207149881156E-01 a       954     0    64     1     9
  1.5355672117864477E-01 a       955     0    64     1    10
 -1.1013764373778771E-01 a       956     0    64     1    11
  3.3998923557835396E-02 a       957     0    64     1    12
 -2.5062706311447475E-01 a       958     0    64     1    13
  5.8447386880727918E-02 a       959     0    64     1    14
  6.1639314528650506E-02 a       960     0    64     1    15
  4.2287167133748460E-01 b       961     1     1
 -4.4977653322950450E-01 b       962     1     2
 -7.3074574678444904E-01 b       963     1     3
 -1.5696695649187586E-01 b       964     1     4
  8.6582619378697503E-02 b       965     1     5
  1.3927485402349882E+00 b       966     1     6
 -7.3085782576817970E-01 b       967     1     7
 -1.0437120031852214E+00 b       968     1     8
 -5.5875747835724943E-01 b       969     1     9
  1.6529172729853792E-01 b       970     1    10
  9.9123017161205651E-01 b       971     1    11
 -1.5959074031889903E-01 b       972     1    12
  1.7534151066291630E+00 b       973     1    13
 -1.7390948456553905E+00 b       974     1    14
  3.3874335314075987E-01 b       975     1    15
 -5.4189286957924887E-01 a       976     1     1     2     1
 -4.2214263508471384E-01 a       977     1     1     2     2
  1.3056937641973934E-01 a       978     1     1     2     3
  6.8944769440110609E-01 a       979     1     1     2     4
 -4.6555097463765216E-01 a       980     1     1     2     5
  4.4137563975794054E-02 a       981     1     1     2     6
  9.7466557523467282E-03 a       982     1     1     2     7
  3.3991588428574032E-01 a       983     1     1     2     8
  6.1805565447488509E-01 a       984     1     1     2     9
  7.6609314888155233E-01 a       985     1     1     2    10
  1.6892259396154577E-01 a       986     1     1     2    11
 -4.9642052709594736E-01 a       987     1     1     2    12
  1.7514543685639039E-02 a       988     1     1     2    13
  2.0425262836775834E-01 a       989     1     1     2    14
 -5.3729806187234530E-01 a       990     1     1     2    15
  1.2414731334431877E+00 a       991     1     2     2     1
  8.1191145260403463E-01 a       992     1     2     2     2
 -4.7504602464971418E-01 a       993     1     2     2     3
  1.7343961117891904E-01 a       994     1     2     2     4
  6.1098272230109285E-01 a       995     1     2     2     5
  2.7595459228789659E-01 a       996     1     2     2     6
 -6.5336091011273889E-01 a       997     1     2     2     7
 -1.8405084928386847E-01 a       998     1     2     2     8
  7.1027778582213985E-01 a       999     1     2     2     9
  1.2617829308406792E+00 a      1000     1     2     2    10
 -7.2319593456373635E-02 a      1001     1     2     2    11
 -5.6054448211447358E-03 a      1002     1     2     2    12
  1.0203041514768227E+00 a      1003     1     2     2    13
  4.3382331173325595E-01 a      1004     1     2     2    14
  6.7483734212089985E-01 a      1005     1     2     2    15
  1.7566454359869501E-03 a      1006     1     3     2     1
  1.5531051726485019E+00 a      1007     1     3     2     2
  1.3968053287632647E+00 a      1008     1     3     2     3
  9.3217561951618877E-01 a      1009     1     3     2     4
  2.0168916709790521E+00 a      1010     1     3     2     5
 -1.3058362936792012E+00 a      1011     1     3     2     6
  2.0489259121464354E+00 a      1012     1     3     2     7
  4.6749541255884824E-01 a      1013     1     3     2     8
  3.5075241705496707E-01 a      1014     1     3     2     9
 -3.4395339991893312E+00 a      1015     1     3     2    10
 -2.1849916698814442E+00 a      1016     1     3     2    11
  2.9829325168224669E-01 a      1017     1     3     2    12
  1.9773991106019917E+00 a      1018     1     3     2    13
 -9.7310713456577713E-01 a      1019     1     3     2    14
 -1.1887622783582326E+00 a      1020     1     3     2    15
 -1.9270308536226488E-01 a      1021     1     4     2     1
  1.0701631777684899E-01 a      1022     1     4     2     2
 -1.7269520080921702E-01 a      1023     1     4     2     3
  3.9369777748251962E-02 a      1024     1     4     2     4
 -9.3288615982124692E-02 a      1025     1     4     2     5
 -3.8228589363506638E-01 a      1026     1     4     2     6
 -5.6620170576125728E-01 a      1027     1     4     2     7
  7.1182974738384774E-01 a      1028     1     4     2     8
 -3.4667477426830740E-01 a      1029     1     4     2     9
  1.2127777515567144E+00 a      1030     1     4     2    10
  6.2764921268195029E-01 a      1031     1     4     2    11
  4.9223180806640238E-01 a      1032     1     4     2    12
 -2.9900973816237447E-01 a      1033     1     4     2    13
  7.2321731276759493E-01 a      1034     1     4     2    14
 -3.1499844395286763E-01 a      1035     1     4     2    15
 -1.5403144922687462E+00 a      1036     1     5     2     1
  1.6755328953690451E-01 a      1037     1     5     2     2
 -1.0323870668667690E-01 a      1038     1     5     2     3
  7.3399587792910637E-01 a      1039     1     5     2     4
 -2.4776643312113267E-01 a      1040     1     5     2     5
 -8.4752479139381276E-01 a      1041     1     5     2     6
 -6.6479840318658090E-01 a      1042     1     5     2     7
  2.2037349820477309E-02 a      1043     1     5     2     8
  4.7826139924422756E-01 a      1044     1     5     2     9
 -2.0429452984584023E-01 a      1045     1     5     2    10
  6.4435974698158249E-01 a      1046     1     5     2    11
 -6.8951396317079550E-01 a      1047     1     5     2    12
 -6.0728213586973334E-01 a      1048     1     5     2    13
 -1.1268060698044911E-01 a      1049     1     5     2    14
 -1.3827595681450424E+00 a      1050     1     5     2    15
  9.0217460262443427E-01 a      1051     1     6     2     1
  2.8813489822590899E-01 a      1052     1     6     2     2
 -4.4719597794784471E-01 a      1053     1     6     2     3
  2.9715045767953863E-01 a      1054     1     6     2     4
 -2.7373844609323248E+00 a      1055     1     6     2     5
 -4.4356086102950376E-01 a      1056     1     6     2     6
 -4.7806259125073630E-01 a      1057     1     6     2     7
  7.4544461283058761E-01 a      1058     1     6     2     8
  1.0441188035747844E+00 a      1059     1     6     2     9
  1.4968332257428396E+00 a      1060     1     6     2    10
  1.5356891203074579E+00 a      1061     1     6     2    11
  2.8103695542822316E-01 a      1062     1     6     2    12
 -4.6133003105523857E-01 a      1063     1     6     2    13
  1.8176425362048620E+00 a      1064     1     6     2    14
  3.7369045392689332E-01 a      1065     1     6     2    15
  3.5765843040424178E-01 a      1066     1     7     2     1
  5.1062764457456535E-02 a      1067     1     7     2     2
  3.2398235491727773E-01 a      1068     1     7     2     3
  5.0254720885772364E-01 a      1069     1     7     2     4
  1.0096578199532509E-02 a      1070     1     7     2     5
  2.1043461322212628E-01 a      1071     1     7     2     6
  7.2673609564526495E-02 a      1072     1     7     2     7
 -7.7109853002250817E-01 a      1073     1     7     2     8
  1.6602980481635851E-01 a      1074     1     7     2     9
 -3.7647477223876857E-01 a      1075     1     7     2    10
  5.1128062355185799E-01 a      1076     1     7     2    11
  7.5545065327854155E-01 a      1077     1     7     2    12
  4.6954462631435379E-01 a      1078     1     7     2    13
 -6.7335065171109010E-01 a      1079     1     7     2    14
 -1.2028496179870014E-01 a      1080     1     7     2    15
  2.3241443171647447E-01 a      1081     1     8     2     1
  3.1128141314802049E-01 a      1082     1     8     2     2
  1.9933031559586897E-01 a      1083     1     8     2     3
  7.9907419111988606E-02 a      1084     1     8     2     4
 -1.2399002919835873E+00 a      1085     1     8     2     5
  2.6482081838465697E-02 a      1086     1     8     2     6
 -1.0613066254682882E-01 a      1087     1     8     2     7
  2.2442912815646957E-01 a      1088     1     8     2     8
  6.2514976651758847E-01 a      1089     1     8     2     9
  7.8892893785535334E-01 a      1090     1     8     2    10
  3.5524189974861703E-01 a      1091     1     8     2    11
  2.3420536879055895E-01 a      1092     1     8     2    12
 -2.4186234655003541E-01 a      1093     1     8     2    13
  5.1666767100531985E-01 a      1094     1     8     2    14
  1.4822010295831217E-01 a      1095     1     8     2    15
 -7.7296159084596783E-01 a      1096     1     9     2     1
 -1.6094068229511055E-01 a      1097     1     9     2     2
  1.2214139326924167E-01 a      1098     1     9     2     3
 -6.3264988540639902E-02 a      1099     1     9     2     4
 -3.2563163299017134E-01 a      1100     1     9     2     5
 -2.9933306621503836E-01 a      1101     1     9     2     6
  3.6263714970348693E-02 a      1102     1     9     2     7
  2.5749530484170052E-01 a      1103     1     9     2     8
  4.5146910968097531E-02 a      1104     1     9     2     9
  8.6730511706819025E-01 a      1105     1     9     2    10
 -2.7694167612708304E-01 a      1106     1     9     2    11
  1.8987358169853033E-01 a      1107     1     9     2    12
 -1.2716263653655293E+00 a      1108     1     9     2    13
 -5.6875064303547870E-02 a      1109     1     9     2    14
 -3.2282076015021782E-01 a      1110     1     9     2    15
  4.8818064101920477E-03 a      1111     1    10     2     1
 -8.7136441074345067E-02 a      1112     1    10     2     2
  8.9712105978220646E-01 a      1113     1    10     2     3
 -9.4123065605718925E-02 a      1114     1    10     2     4
  4.2932807038694870E-01 a      1115     1    10     2     5
 -8.8470526249121229E-01 a      1116     1    10     2     6
 -2.0169267371263663E-01 a      1117     1    10     2     7
  6.3869317940733839E-01 a      1118     1    10     2     8
 -4.1884473620745327E-01 a      1119     1    10     2     9
 -2.9284371434556644E-01 a      1120     1    10     2    10
  2.5266277332732895E-01 a      1121     1    10     2    11
  9.2121281374700625E-01 a      1122     1    10     2    12
  1.6149381225471282E-01 a      1123     1    10     2    13
 -2.0961928190616005E-01 a      1124     1    10     2    14
 -5.8438064377354204E-01 a      1125     1    10     2    15
  4.1299082471423443E-02 a      1126     1    11     2     1
 -2.4919507199285337E-01 a      1127     1    11     2     2
  2.7891704844833382E-01 a      1128     1    11     2     3
  5.2706181998085322E-01 a      1129     1    11     2     4
  1.0365886641429547E+00 a      1130     1    11     2     5
  3.8396183135729511E-02 a      1131     1    11     2     6
 -6.3355493492386350E-01 a      1132     1    11     2     7
  1.7447314020479741E-02 a      1133     1    11     2     8
 -2.8536911524005260E-01 a      1134     1    11     2     9
  4.8451732969209005E-01 a      1135     1    11     2    10
 -1.4095068064098962E-01 a      1136     1    11     2    11
 -3.3019000301680496E-01 a      1137     1    11     2    12
 -8.8949282968244101E-02 a      1138     1    11     2    13
 -6.1570389539058801E-01 a      1139     1    11     2    14
  1.0576185192431085E-01 a      1140     1    11     2    15
 -1.2698529645833589E+00 a      1141     1    12     2     1
  3.7383202954164869E-02 a      1142     1    12     2     2
  7.7247400184364756E-01 a      1143     1    12     2     3
 -2.7065910596433962E-01 a      1144     1    12     2     4
 -1.2864040703509940E+00 a      1145     1    12     2     5
  3.3869437928961565E-01 a      1146     1    12     2     6
 -5.4823446633850048E-01 a      1147     1    12     2     7
  9.4585766800110793E-01 a      1148     1    12     2     8
 -5.7349026467493913E-01 a      1149     1    12     2     9
 -7.5537043904398227E-01 a      1150     1    12     2    10
 -1.0331256907116294E-02 a      1151     1    12     2    11
 -1.2347447852269251E+00 a      1152     1    12     2    12
  2.3695656298106055E-01 a      1153     1    12     2    13
 -3.8517167030240318E-01 a      1154     1    12     2    14
 -3.0550269106413650E-02 a      1155     1    12     2    15
  8.2233229388148188E-01 a      1156     1    13     2     1
  1.6116441272665851E+00 a      1157     1    13     2     2
 -7.7522927709160006E-01 a      1158     1    13     2     3
  9.5756232687835274E-01 a      1159     1    13     2     4
  1.0744349319960471E+00 a      1160     1    13     2     5
  1.2176367480762933E-01 a      1161     1    13     2     6
 -1.6031454776376608E+00 a      1162     1    13     2     7
 -8.1765812726463249E-01 a      1163     1    13     2     8
  8.5688414857662576E-01 a      1164     1    13     2     9
  1.4305380970601125E+00 a      1165     1    13     2    10
  8.3101332093167479E-01 a      1166     1    13     2    11
  1.0208276489907007E+00 a      1167     1    13     2    12
 -3.9498510270116749E-01 a      1168     1    13     2    13
 -5.8681405681439991E-01 a      1169     1    13     2    14
  4.9120208748616390E-01 a      1170     1    13     2    15
 -1.4349929279912432E+00 a      1171     1    14     2     1
  1.1451047640744614E+00 a      1172     1    14     2     2
 -2.1016066807254044E-01 a      1173     1    14     2     3
 -2.4952367951163962E-01 a      1174     1    14     2     4
 -7.1419222896789969E-01 a      1175     1    14     2     5
  1.0650030491697158E+00 a      1176     1    14     2     6
  4.7935917154872659E-01 a      1177     1    14     2     7
  6.5260879784643133E-01 a      1178     1    14     2     8
 -5.2759059039541201E-01 a      1179     1    14     2     9
  1.0273438182938441E+00 a      1180     1    14     2    10
  1.1033297371921504E+00 a      1181     1    14     2    11
 -8.3314976671092578E-01 a      1182     1    14     2    12
 -5.7723377586943381E-01 a      1183     1    14     2    13
 -6.3832852305782684E-01 a      1184     1    14     2    14
  1.0038302998387192E+00 a      1185     1    14     2    15
  2.0613658014511196E-01 a      1186     1    15     2     1
  8.9834804921503797E-01 a      1187     1    15     2     2
  7.9225874086865633E-01 a      1188     1    15     2     3
 -1.0562807865330597E+00 a      1189     1    15     2     4
 -5.1490169505953631E-01 a      1190     1    15     2     5
 -7.9668868286053440E-01 a      1191     1    15     2     6
  6.8481212646173184E-01 a      1192     1    15     2     7
  6.8993551251062568E-01 a      1193     1    15     2     8
  1.1762103754644713E+00 a      1194     1    15     2     9
  9.9433214731962227E-01 a      1195     1    15     2    10
  1.3277712182461530E+00 a      1196     1    15     2    11
  9.7381644691731917E-01 a      1197     1    15     2    12
 -1.2718974954794167E+00 a      1198     1    15     2    13
  1.0061698272238702E+00 a      1199     1    15     2    14
 -1.1028276097343935E-01 a      1200     1    15     2    15
 -1.3600775910157945E+00 b      1201     2     1
  3.6010849051634992E-02 b      1202     2     2
 -6.4033618548738225E-01 b      1203     2     3
  1.0474743833405999E-01 b      1204     2     4
  3.0452259421853745E-01 b      1205     2     5
 -1.5390269553557209E-01 b      1206     2     6
  1.1229760268340723E-02 b      1207     2     7
 -2.1624839910580290E-01 b      1208     2     8
 -1.7065946154777876E+00 b      1209     2     9
 -2.8246360681795841E+00 b      1210     2    10
  7.8534834239822360E-01 b      1211     2    11
 -3.5782325179632951E-01 b      1212     2    12
  2.4098691819668033E-01 b      1213     2    13
 -6.6980275170186632E-01 b      1214     2    14
 -1.2528444034128574E+00 b      1215     2    15
 -2.4952595104929198E-01 a      1216     2     1     3     1
  3.4593682111685542E-01 a      1217     2     2     3     1
  2.8392640995973634E-01 a      1218     2     3     3     1
  6.0686398839127509E-01 a      1219     2     4     3     1
 -6.8366531507457404E-02 a      1220     2     5     3     1
 -7.2914633187615230E-01 a      1221     2     6     3     1
  4.1590703331447654E-01 a      1222     2     7     3     1
 -7.3921096735339042E-01 a      1223     2     8     3     1
 -4.6149509160547569E-01 a      1224     2     9     3     1
  1.4455154508094917E-01 a      1225     2    10     3     1
 -7.5218533944027122E-01 a      1226     2    11     3     1
 -8.9350469347647288E-02 a      1227     2    12     3     1
  1.1478081349780141E-01 a      1228     2    13     3     1
  2.9441589555308129E-01 a      1229     2    14     3     1
  7.8520874447024946E-01 a      1230     2    15     3     1
  3.3470297889821199E-01 b      1231     3     1
