################################################################################
# Neural network connection values (weights and biases).
################################################################################
# Col  Name       Description
################################################################################
# 1    connection Neural network connection value.
# 2    t          Connection type (a = weight, b = bias).
# 3    index      Index enumerating weights.
# 4    l_s        Starting point layer (end point layer for biases).
# 5    n_s        Starting point neuron in starting layer (end point neuron for biases).
# 6    l_e        End point layer.
# 7    n_e        End point neuron in end layer.
################################################################################
#                      1 2         3     4     5     6     7
#             connection t     index   l_s   n_s   l_e   n_e
############################################################
 -6.0245569977238689E-01 a         1     0     1     1     1
  3.5193675888822118E-01 a         2     0     1     1     2
 -8.4656050152046747E-01 a         3     0     1     1     3
  3.0698629340026212E-01 a         4     0     1     1     4
 -3.4676747625322818E-01 a         5     0     1     1     5
  4.9502264386677909E-02 a         6     0     1     1     6
 -6.8865916958419870E-02 a         7     0     1     1     7
  1.9153363664611650E-01 a         8     0     1     1     8
  8.2375207380573301E-01 a         9     0     1     1     9
 -3.2706305516014078E-01 a        10     0     1     1    10
 -2.5719066849069433E-01 a        11     0     1     1    11
  8.1789829239842804E-01 a        12     0     1     1    12
  7.8725132893414673E-01 a        13     0     1     1    13
  7.1012109067852691E-01 a        14     0     1     1    14
 -6.4613738757689732E-01 a        15     0     1     1    15
 -5.1593207620522841E-01 a        16     0     2     1     1
  1.4478728504357012E+00 a        17     0     2     1     2
  1.9870642962569174E-01 a        18     0     2     1     3
 -6.3996281097457672E-03 a        19     0     2     1     4
  1.3140661894640879E+00 a        20     0     2     1     5
  1.2601903016267051E+00 a        21     0     2     1     6
  2.8513640086623304E-01 a        22     0     2     1     7
  1.1326652382708873E+00 a        23     0     2     1     8
  4.2330092342839415E-01 a        24     0     2     1     9
 -5.8232108127242799E-01 a        25     0     2     1    10
 -2.7834313566552954E-01 a        26     0     2     1    11
  1.2539957302294884E+00 a        27     0     2     1    12
  9.7463829504994470E-01 a        28     0     2     1    13
 -8.4016745178706875E-01 a        29     0     2     1    14
  7.6733393580752873E-01 a        30     0     2     1    15
  1.5994896947703521E-01 a        31     0     3     1     1
 -1.4000138819245878E-01 a        32     0     3     1     2
  2.8122231670425607E-01 a        33     0     3     1     3
  4.4253692331174238E-01 a        34     0     3     1     4
  1.3373775179584113E-01 a        35     0     3     1     5
  5.9755845603621446E-02 a        36     0     3     1     6
  6.7826554434094732E-01 a        37     0     3     1     7
  5.3683934830410451E-01 a        38     0     3     1     8
 -1.0095809194945389E+00 a        39     0     3     1     9
 -3.6573297536850113E-01 a        40     0     3     1    10
  2.8669495338509882E-01 a        41     0     3     1    11
 -2.4712584347806424E-01 a        42     0     3     1    12
  1.1213294026703780E+00 a        43     0     3     1    13
 -3.3138278941636617E-01 a        44     0     3     1    14
  7.1633923587104620E-01 a        45     0     3     1    15
 -1.1716339716278399E+00 a        46     0     4     1     1
  7.5692258777601784E-01 a        47     0     4     1     2
 -6.4300717799697293E-01 a        48     0     4     1     3
  1.2030954323133576E+00 a        49     0     4     1     4
 -1.1919629753574641E-01 a        50     0     4     1     5
  1.3069245705353625E+00 a        51     0     4     1     6
  2.9396999557603837E-01 a        52     0     4     1     7
  1.4739168858966127E+00 a        53     0     4     1     8
  6.8660801273000227E-01 a        54     0     4     1     9
 -1.3928081830526888E+00 a        55     0     4     1    10
  3.2403429194921424E-01 a        56     0     4     1    11
  1.6367841708954242E-01 a        57     0     4     1    12
  6.1829038256080693E-01 a        58     0     4     1    13
  4.2796142927015023E-02 a        59     0     4     1    14
 -4.7061094467246584E-01 a        60     0     4     1    15
  9.6549766438472640E-01 a        61     0     5     1     1
 -3.1347378182896535E-01 a        62     0     5     1     2
  3.2754351734460851E-01 a        63     0     5     1     3
  6.0368359316206133E-01 a        64     0     5     1     4
 -2.4708204776251513E-01 a        65     0     5     1     5
 -5.8775428655621353E-01 a        66     0     5     1     6
 -6.8605656994652531E-01 a        67     0     5     1     7
 -6.6286704999196211E-01 a        68     0     5     1     8
 -1.9160365738260535E-01 a        69     0     5     1     9
  9.0597514582446514E-01 a        70     0     5     1    10
  3.2083193921187297E-01 a        71     0     5     1    11
 -1.5132414709516694E-02 a        72     0     5     1    12
 -2.7769341713493001E-01 a        73     0     5     1    13
  5.7663520649187401E-02 a        74     0     5     1    14
 -5.5213480984968732E-01 a        75     0     5     1    15
 -8.9934590209138998E-01 a        76     0     6     1     1
 -4.3649226893036447E-01 a        77     0     6     1     2
  8.0905473743560719E-02 a        78     0     6     1     3
  1.1356300038216407E+00 a        79     0     6     1     4
  4.0630015516334317E-01 a        80     0     6     1     5
  2.3074395673084852E-01 a        81     0     6     1     6
  9.4359581066142595E-01 a        82     0     6     1     7
  9.2687215323478245E-01 a        83     0     6     1     8
 -3.4909712379220637E-02 a        84     0     6     1     9
  1.4784074425981811E-01 a        85     0     6     1    10
 -3.4261838512431086E-01 a        86     0     6     1    11
 -8.6154593135781521E-01 a        87     0     6     1    12
 -4.8170239330989773E-01 a        88     0     6     1    13
 -4.8310798499593666E-01 a        89     0     6     1    14
 -2.2627585857077215E-01 a        90     0     6     1    15
  6.5919863437624548E-01 a        91     0     7     1     1
 -4.6857013997037844E-01 a        92     0     7     1     2
  4.1444503254504611E-01 a        93     0     7     1     3
  3.3881563280477833E-01 a        94     0     7     1     4
  2.3198096135808699E-01 a        95     0     7     1     5
  5.8724548901325124E-01 a        96     0     7     1     6
  4.5509124603452583E-01 a        97     0     7     1     7
  8.4099484240958322E-01 a        98     0     7     1     8
 -1.3129841890240703E+00 a        99     0     7     1     9
 -9.4205349095018953E-01 a       100     0     7     1    10
 -6.5269867751586796E-01 a       101     0     7     1    11
  6.6544550116408044E-02 a       102     0     7     1    12
 -1.9948359984992531E-01 a       103     0     7     1    13
  3.4149028281611465E-01 a       104     0     7     1    14
  3.1207265340893009E-01 a       105     0     7     1    15
 -1.8920205028960066E-01 a       106     0     8     1     1
 -1.4334643829325895E-02 a       107     0     8     1     2
  6.5616651813272453E-01 a       108     0     8     1     3
  1.8282122771412876E-01 a       109     0     8     1     4
 -1.1676784186014444E+00 a       110     0     8     1     5
  7.2067626543805563E-01 a       111     0     8     1     6
 -4.1676513935936038E-01 a       112     0     8     1     7
 -3.5641695112008226E-01 a       113     0     8     1     8
 -1.3354324703695191E+00 a       114     0     8     1     9
  5.2009942747343696E-01 a       115     0     8     1    10
  8.1889685348714158E-01 a       116     0     8     1    11
 -2.6232411387922377E-01 a       117     0     8     1    12
 -1.1216084222605724E-01 a       118     0     8     1    13
 -2.8975542063251880E-01 a       119     0     8     1    14
 -1.4779288347020942E+00 a       120     0     8     1    15
 -9.1439352831520315E-01 a       121     0     9     1     1
  1.0246419187914071E+00 a       122     0     9     1     2
  3.3694941992884503E-01 a       123     0     9     1     3
 -6.1020749920926132E-01 a       124     0     9     1     4
 -9.1363913213966669E-02 a       125     0     9     1     5
  9.0716447977415168E-02 a       126     0     9     1     6
 -7.3046448806154129E-02 a       127     0     9     1     7
  2.2506727046669997E-01 a       128     0     9     1     8
  2.9064966235426376E-01 a       129     0     9     1     9
  2.1381024581229480E-01 a       130     0     9     1    10
  1.1491596224018672E+00 a       131     0     9     1    11
 -6.3155783906326216E-02 a       132     0     9     1    12
 -3.7129547134612301E-01 a       133     0     9     1    13
  1.1267830388166004E-01 a       134     0     9     1    14
 -3.7673334705502454E-01 a       135     0     9     1    15
  4.6088964876914162E-01 a       136     0    10     1     1
  8.7989574300540691E-02 a       137     0    10     1     2
  1.0069776063457141E+00 a       138     0    10     1     3
  1.4952469247729008E+00 a       139     0    10     1     4
 -5.5602230405394715E-01 a       140     0    10     1     5
 -1.7824877963725383E-01 a       141     0    10     1     6
  5.6784093948129777E-01 a       142     0    10     1     7
  2.3911054050891632E-02 a       143     0    10     1     8
 -9.0292658234994250E-01 a       144     0    10     1     9
 -3.3686603052264341E-01 a       145     0    10     1    10
  2.6323915323746311E-01 a       146     0    10     1    11
 -4.2400920160769123E-01 a       147     0    10     1    12
  1.6725915486443624E-01 a       148     0    10     1    13
 -1.6124301883914969E+00 a       149     0    10     1    14
 -3.8282240576700327E-01 a       150     0    10     1    15
 -5.0370887285290732E-02 a       151     0    11     1     1
  1.6437181516075847E-01 a       152     0    11     1     2
  2.1939449163280625E-01 a       153     0    11     1     3
 -1.0168997591960915E+00 a       154     0    11     1     4
  3.0340472175460892E-01 a       155     0    11     1     5
  5.4804985517077270E-02 a       156     0    11     1     6
  6.9546926384104513E-01 a       157     0    11     1     7
 -2.5469470254170334E-01 a       158     0    11     1     8
  1.9062996368612262E+00 a       159     0    11     1     9
 -9.8860961182713036E-01 a       160     0    11     1    10
 -3.3375771992359121E-01 a       161     0    11     1    11
 -1.2107254431884305E-01 a       162     0    11     1    12
 -3.0861804849710800E-01 a       163     0    11     1    13
  6.7633534644036958E-02 a       164     0    11     1    14
  4.3130922345607037E-01 a       165     0    11     1    15
  6.8987969960408554E-02 a       166     0    12     1     1
 -8.2058198232948687E-01 a       167     0    12     1     2
  1.3214137060887867E+00 a       168     0    12     1     3
 -1.9434924748945700E-02 a       169     0    12     1     4
  2.2367921504129873E-01 a       170     0    12     1     5
 -6.6731620168707984E-01 a       171     0    12     1     6
 -4.1372000320563690E-01 a       172     0    12     1     7
 -1.7420497327631140E-01 a       173     0    12     1     8
  4.6098572413553618E-01 a       174     0    12     1     9
  7.0009590340616967E-01 a       175     0    12     1    10
  1.1688868762223967E+00 a       176     0    12     1    11
  3.6603555832926243E-01 a       177     0    12     1    12
 -1.2148539439942888E-01 a       178     0    12     1    13
 -5.7792989048167931E-01 a       179     0    12     1    14
  2.0361332217300104E-01 a       180     0    12     1    15
  1.2692936632546838E+00 a       181     0    13     1     1
  2.1154791573305173E-01 a       182     0    13     1     2
 -3.2106764824543368E+00 a       183     0    13     1     3
 -2.8469216587127932E-02 a       184     0    13     1     4
 -5.5331103035963496E-02 a       185     0    13     1     5
  1.2951840201422637E+00 a       186     0    13     1     6
  5.7761676068368246E-02 a       187     0    13     1     7
  3.9776835752374462E-01 a       188     0    13     1     8
  1.3329089130654079E+00 a       189     0    13     1     9
  2.2479440596359361E+00 a       190     0    13     1    10
 -1.2721319194604110E+00 a       191     0    13     1    11
  6.8139129190373726E-01 a       192     0    13     1    12
  5.9159716923249073E-01 a       193     0    13     1    13
  1.0916254593964385E-01 a       194     0    13     1    14
  3.1664771680865833E-01 a       195     0    13     1    15
 -7.3002281466932450E-01 a       196     0    14     1     1
  1.0340934639232613E+00 a       197     0    14     1     2
  1.3200567873653238E-01 a       198     0    14     1     3
 -2.4166852789671355E-02 a       199     0    14     1     4
 -3.7012854950144353E-01 a       200     0    14     1     5
  2.0882018189857375E-02 a       201     0    14     1     6
  8.6081816451659340E-02 a       202     0    14     1     7
  7.4104291905696495E-01 a       203     0    14     1     8
  7.8765167295370042E-01 a       204     0    14     1     9
  2.3036786281248589E+00 a       205     0    14     1    10
 -1.4317829240158848E+00 a       206     0    14     1    11
 -4.5691343365812070E-02 a       207     0    14     1    12
 -1.3794151378396244E-01 a       208     0    14     1    13
  7.1836357800062714E-02 a       209     0    14     1    14
  2.2396933105560651E-01 a       210     0    14     1    15
 -8.6524617903232359E-01 a       211     0    15     1     1
 -7.1509375351046067E-01 a       212     0    15     1     2
  3.4592702696451196E+00 a       213     0    15     1     3
  8.0509519488916759E-01 a       214     0    15     1     4
 -4.7901451632224018E-01 a       215     0    15     1     5
 -6.2229117280309632E-01 a       216     0    15     1     6
  6.7815804486077713E-03 a       217     0    15     1     7
 -6.2606148453546329E-01 a       218     0    15     1     8
 -8.2738248628452971E-01 a       219     0    15     1     9
 -1.9166940362104730E+00 a       220     0    15     1    10
  1.2455898721105170E+00 a       221     0    15     1    11
 -1.0913323314184971E+00 a       222     0    15     1    12
  3.7355680761475973E-01 a       223     0    15     1    13
  7.5025037332545652E-01 a       224     0    15     1    14
 -1.5092581683607642E+00 a       225     0    15     1    15
  3.0882228853501814E-01 a       226     0    16     1     1
 -3.1953801076925586E-01 a       227     0    16     1     2
  3.3650870364304897E-01 a       228     0    16     1     3
 -1.2965554208718041E-01 a       229     0    16     1     4
  2.5830049780643749E-01 a       230     0    16     1     5
 -2.1094484929940047E-01 a       231     0    16     1     6
  1.8167437971429948E-01 a       232     0    16     1     7
 -6.0721808567586089E-01 a       233     0    16     1     8
 -9.4748276970484421E-02 a       234     0    16     1     9
 -1.1080012870081992E+00 a       235     0    16     1    10
  3.5501741664732889E-01 a       236     0    16     1    11
 -1.8358561682277016E-01 a       237     0    16     1    12
  3.4005969628505384E-01 a       238     0    16     1    13
 -1.0373911813783541E-01 a       239     0    16     1    14
  2.4187140727975787E-01 a       240     0    16     1    15
  1.0760968543848604E+00 a       241     0    17     1     1
 -1.0954112856627707E+00 a       242     0    17     1     2
  6.1526636986094030E-01 a       243     0    17     1     3
 -3.3211626530523786E-01 a       244     0    17     1     4
  8.3240430361563422E-02 a       245     0    17     1     5
  1.4602831534715612E+00 a       246     0    17     1     6
 -9.5153401538785642E-01 a       247     0    17     1     7
  4.0530308476815310E-02 a       248     0    17     1     8
 -3.9277650485961810E-02 a       249     0    17     1     9
  1.5768260581340579E-01 a       250     0    17     1    10
  6.3218358034772204E-01 a       251     0    17     1    11
  7.0192239661519509E-02 a       252     0    17     1    12
 -1.6328301962995079E-02 a       253     0    17     1    13
  1.3431315888100550E+00 a       254     0    17     1    14
 -6.2906570011975882E-01 a       255     0    17     1    15
  6.2797206344460532E-01 a       256     0    18     1     1
  3.4573165290989132E-02 a       257     0    18     1     2
  3.7855687325224563E-01 a       258     0    18     1     3
 -1.8833351934837947E-01 a       259     0    18     1     4
 -2.2477451773071472E-01 a       260     0    18     1     5
  4.6278790241993904E-02 a       261     0    18     1     6
  6.7123741979363827E-01 a       262     0    18     1     7
 -4.7840184301987254E-01 a       263     0    18     1     8
  5.5446034323465310E-01 a       264     0    18     1     9
 -6.5702424638395962E-01 a       265     0    18     1    10
  6.3815394242340562E-01 a       266     0    18     1    11
  3.6439615046480800E-01 a       267     0    18     1    12
 -5.5651308198080196E-01 a       268     0    18     1    13
  3.1118502605516857E-01 a       269     0    18     1    14
  3.3999504483689665E-02 a       270     0    18     1    15
 -3.9157686903284666E-01 a       271     0    19     1     1
 -3.3746340666009977E-01 a       272     0    19     1     2
  1.6053421499251550E+00 a       273     0    19     1     3
  4.9694749391055676E-01 a       274     0    19     1     4
  3.7329835754645518E-01 a       275     0    19     1     5
  3.1387130888981313E-01 a       276     0    19     1     6
 -9.8263576093798000E-01 a       277     0    19     1     7
 -1.4238896641609629E+00 a       278     0    19     1     8
 -2.7560876023832626E-01 a       279     0    19     1     9
 -8.1757366021596933E-01 a       280     0    19     1    10
 -1.4557671231878750E+00 a       281     0    19     1    11
  3.0971917636543739E-01 a       282     0    19     1    12
 -1.1327165923773888E+00 a       283     0    19     1    13
  1.1687301255728761E+00 a       284     0    19     1    14
 -8.3833775929191917E-02 a       285     0    19     1    15
 -6.1775902691088125E-01 a       286     0    20     1     1
 -5.2506095402871866E-01 a       287     0    20     1     2
  3.8195804790876242E-01 a       288     0    20     1     3
  3.3349113544398001E-01 a       289     0    20     1     4
 -4.2485866614491369E-01 a       290     0    20     1     5
 -1.2923038377670519E+00 a       291     0    20     1     6
  2.3195246774860897E-02 a       292     0    20     1     7
 -6.3714430646265841E-01 a       293     0    20     1     8
  1.8787829520694184E+00 a       294     0    20     1     9
  1.1939497703478004E-01 a       295     0    20     1    10
 -1.1286911593166130E-01 a       296     0    20     1    11
  2.7619552228049654E-01 a       297     0    20     1    12
 -1.0357885658417181E+00 a       298     0    20     1    13
 -1.2538811143959974E+00 a       299     0    20     1    14
  4.5145395565473939E-01 a       300     0    20     1    15
 -5.1341488871363042E-02 a       301     0    21     1     1
  5.1469483428882534E-01 a       302     0    21     1     2
 -8.5429898895849243E-01 a       303     0    21     1     3
 -1.7789173576478864E-01 a       304     0    21     1     4
 -2.9009875361071708E-01 a       305     0    21     1     5
  5.1823530563295872E-01 a       306     0    21     1     6
 -4.0546550843852747E-01 a       307     0    21     1     7
 -5.2887426238902635E-01 a       308     0    21     1     8
  8.9967391330095081E-01 a       309     0    21     1     9
 -6.1543950523377644E-01 a       310     0    21     1    10
 -8.8931617533329632E-01 a       311     0    21     1    11
 -2.0887970286705110E-01 a       312     0    21     1    12
  2.6043430233321846E-01 a       313     0    21     1    13
 -7.3573063271911077E-01 a       314     0    21     1    14
  1.6286780112900290E-01 a       315     0    21     1    15
  1.4059772469482965E+00 a       316     0    22     1     1
  2.2782940652398417E-01 a       317     0    22     1     2
  1.0538810312745241E+00 a       318     0    22     1     3
 -1.2811478382712602E+00 a       319     0    22     1     4
  1.8530915107653654E+00 a       320     0    22     1     5
 -4.1874534957603637E-01 a       321     0    22     1     6
 -6.5854950744009411E-01 a       322     0    22     1     7
  5.2029993928364819E-02 a       323     0    22     1     8
 -3.9852391039815910E-01 a       324     0    22     1     9
 -4.8825320125313798E-01 a       325     0    22     1    10
  7.8134424904888666E-01 a       326     0    22     1    11
 -2.6149610040047361E-01 a       327     0    22     1    12
  6.2928076705585501E-01 a       328     0    22     1    13
  4.4493460260947443E-01 a       329     0    22     1    14
  3.7846112602731752E-01 a       330     0    22     1    15
 -2.8849822775602502E-01 a       331     0    23     1     1
 -1.3960790848617705E-01 a       332     0    23     1     2
 -2.9733585116681782E-01 a       333     0    23     1     3
 -7.0219690047841871E-02 a       334     0    23     1     4
 -7.9836082683244791E-01 a       335     0    23     1     5
 -1.0552382057536267E+00 a       336     0    23     1     6
  1.7885284623307193E-01 a       337     0    23     1     7
 -4.0940992381111978E-02 a       338     0    23     1     8
 -5.3921589454525698E-01 a       339     0    23     1     9
 -5.3772492491350792E-02 a       340     0    23     1    10
 -1.1325212929015713E+00 a       341     0    23     1    11
 -5.5234715997406336E-01 a       342     0    23     1    12
  4.4060795279172990E-02 a       343     0    23     1    13
 -4.2067655730575548E-01 a       344     0    23     1    14
 -7.0748107346537983E-02 a       345     0    23     1    15
 -6.2956756243932613E-02 a       346     0    24     1     1
  3.9696794815573061E-01 a       347     0    24     1     2
 -2.4347140118895694E-01 a       348     0    24     1     3
 -4.3193870467697887E-01 a       349     0    24     1     4
 -3.8337038070137419E-01 a       350     0    24     1     5
  1.0937300190823831E+00 a       351     0    24     1     6
 -1.7302550337223696E-01 a       352     0    24     1     7
 -4.2348431389959978E-01 a       353     0    24     1     8
 -7.3235513239373073E-01 a       354     0    24     1     9
 -1.3371412888738274E+00 a       355     0    24     1    10
 -3.7512148315063909E-01 a       356     0    24     1    11
  1.4218841593044812E-01 a       357     0    24     1    12
 -2.4131025604183595E-01 a       358     0    24     1    13
  7.0220696167939456E-01 a       359     0    24     1    14
  2.4198074935339525E-01 a       360     0    24     1    15
 -2.5443013383097568E-01 a       361     0    25     1     1
  6.9113402212105421E-02 a       362     0    25     1     2
  1.9063616434705180E-01 a       363     0    25     1     3
  4.6075933392106683E-01 a       364     0    25     1     4
 -1.5310110979575347E+00 a       365     0    25     1     5
 -3.7433047913273815E-01 a       366     0    25     1     6
 -1.5573729970899319E-01 a       367     0    25     1     7
  2.8548677836641646E-02 a       368     0    25     1     8
 -5.1700102511730697E-02 a       369     0    25     1     9
  5.5362877314979198E-01 a       370     0    25     1    10
 -5.9170508288314794E-01 a       371     0    25     1    11
 -5.7430168634122802E-01 a       372     0    25     1    12
 -1.8479897984350090E-02 a       373     0    25     1    13
 -7.9196625392513187E-01 a       374     0    25     1    14
  3.8112872485242444E-01 a       375     0    25     1    15
 -2.1250521482275336E-01 a       376     0    26     1     1
  4.7669071826186726E-01 a       377     0    26     1     2
  1.7072700454963310E-01 a       378     0    26     1     3
  9.5634081210352706E-01 a       379     0    26     1     4
  2.4658368341509407E-01 a       380     0    26     1     5
  1.0275915114199081E-01 a       381     0    26     1     6
  9.8972626521726004E-02 a       382     0    26     1     7
 -2.9176682618334837E-02 a       383     0    26     1     8
  5.8674705619378087E-01 a       384     0    26     1     9
 -7.4754802007525778E-01 a       385     0    26     1    10
 -4.2162391930999765E-01 a       386     0    26     1    11
 -2.7937145718727258E-01 a       387     0    26     1    12
  4.1594500331774048E-01 a       388     0    26     1    13
 -6.4295519425816461E-01 a       389     0    26     1    14
  4.3162807091100758E-01 a       390     0    26     1    15
 -1.9658633940439835E-02 a       391     0    27     1     1
 -5.7883674690077358E-01 a       392     0    27     1     2
  4.3325826171639081E-01 a       393     0    27     1     3
  8.9158214979532602E-01 a       394     0    27     1     4
  3.0689170102205284E-02 a       395     0    27     1     5
  4.8905370753217570E-01 a       396     0    27     1     6
 -2.6210464693785895E-01 a       397     0    27     1     7
  2.9326732515469511E-01 a       398     0    27     1     8
 -9.6160370029706788E-01 a       399     0    27     1     9
  4.1707155598189510E-01 a       400     0    27     1    10
  5.2410058050539743E-01 a       401     0    27     1    11
  2.1684927551070036E-03 a       402     0    27     1    12
  3.7652132864650378E-01 a       403     0    27     1    13
  1.6521087820064967E-01 a       404     0    27     1    14
 -3.8008439114084545E-02 a       405     0    27     1    15
  7.0199183052401037E-01 a       406     0    28     1     1
 -3.0755946096821929E-01 a       407     0    28     1     2
 -4.1872146189332854E-01 a       408     0    28     1     3
  1.2795839655984112E-01 a       409     0    28     1     4
 -7.2264564247458496E-01 a       410     0    28     1     5
 -6.6011284263661762E-01 a       411     0    28     1     6
  5.7062628319377484E-01 a       412     0    28     1     7
  2.5686261191402127E-01 a       413     0    28     1     8
 -6.9293423574786384E-01 a       414     0    28     1     9
 -7.3156452322783860E-01 a       415     0    28     1    10
  5.8834602820432946E-01 a       416     0    28     1    11
  1.6406017796953531E-01 a       417     0    28     1    12
  3.5037652408534431E-01 a       418     0    28     1    13
  7.1632598283510984E-01 a       419     0    28     1    14
  3.7993203584554719E-01 a       420     0    28     1    15
 -6.8995390252186561E-01 a       421     0    29     1     1
 -3.2827074656642624E-01 a       422     0    29     1     2
 -1.0247944971590555E+00 a       423     0    29     1     3
 -5.8433101845847635E-01 a       424     0    29     1     4
  3.4895013792118545E-01 a       425     0    29     1     5
 -5.9105299805349010E-01 a       426     0    29     1     6
 -1.3501422541501984E+00 a       427     0    29     1     7
 -5.6685517443993576E-02 a       428     0    29     1     8
  4.1512204017168619E-01 a       429     0    29     1     9
 -9.4408153945110651E-01 a       430     0    29     1    10
 -1.9820292442379657E-02 a       431     0    29     1    11
 -3.8564704484410078E-01 a       432     0    29     1    12
  2.3598144131114002E-01 a       433     0    29     1    13
  8.3512627762142422E-01 a       434     0    29     1    14
  1.3225602628144251E+00 a       435     0    29     1    15
 -7.7695465637875671E-01 a       436     0    30     1     1
  1.5251653478304025E-01 a       437     0    30     1     2
 -2.1492129910616090E-01 a       438     0    30     1     3
 -1.1603686194380589E+00 a       439     0    30     1     4
  3.5362938129138494E-01 a       440     0    30     1     5
 -8.1153969937654924E-01 a       441     0    30     1     6
  1.1178911902528623E+00 a       442     0    30     1     7
  7.2197987456382595E-01 a       443     0    30     1     8
 -6.9401184013896644E-01 a       444     0    30     1     9
 -5.3297055164098595E-01 a       445     0    30     1    10
  1.3405367683767522E-01 a       446     0    30     1    11
  1.8213078106600195E-01 a       447     0    30     1    12
  4.7782500570237518E-01 a       448     0    30     1    13
 -1.1514067363050682E+00 a       449     0    30     1    14
 -5.5013988000986491E-01 a       450     0    30     1    15
  3.3630979843064968E-01 a       451     0    31     1     1
 -7.5598220142452199E-01 a       452     0    31     1     2
  1.3652319310350598E+00 a       453     0    31     1     3
 -2.3302785322749892E-01 a       454     0    31     1     4
 -5.8902523027649512E-01 a       455     0    31     1     5
 -1.0013524800944142E+00 a       456     0    31     1     6
 -3.1233448563559923E-01 a       457     0    31     1     7
  4.4515553466579899E-01 a       458     0    31     1     8
  8.4720525117933243E-01 a       459     0    31     1     9
  1.4924354885724095E-01 a       460     0    31     1    10
 -3.6775634197965196E-01 a       461     0    31     1    11
  7.0561534715530352E-02 a       462     0    31     1    12
 -8.6252967828028138E-01 a       463     0    31     1    13
  5.7379159851170460E-02 a       464     0    31     1    14
  1.7209765769291974E-01 a       465     0    31     1    15
  6.0662922096714478E-01 a       466     0    32     1     1
  1.0138750360411772E+00 a       467     0    32     1     2
 -8.6438506951135141E-01 a       468     0    32     1     3
 -7.2773937240688324E-01 a       469     0    32     1     4
  7.5759482035019671E-02 a       470     0    32     1     5
  2.7944006262994509E-01 a       471     0    32     1     6
  1.6587875834368917E+00 a       472     0    32     1     7
  6.1082283290584349E-01 a       473     0    32     1     8
 -1.7714594287240687E-01 a       474     0    32     1     9
  7.0295480728999715E-01 a       475     0    32     1    10
 -1.1746365190387711E+00 a       476     0    32     1    11
  2.8073805702202437E-01 a       477     0    32     1    12
 -1.3381364267878029E-02 a       478     0    32     1    13
 -1.2364963662178370E-01 a       479     0    32     1    14
 -7.4664156054430164E-02 a       480     0    32     1    15
 -7.1497851414474775E-02 a       481     0    33     1     1
 -8.1564430784291952E-01 a       482     0    33     1     2
  2.6225011720186592E-01 a       483     0    33     1     3
 -3.1588846870029275E-01 a       484     0    33     1     4
  5.3355819725943343E-01 a       485     0    33     1     5
 -6.4834044579899552E-01 a       486     0    33     1     6
 -6.3746550427106186E-01 a       487     0    33     1     7
  1.2719649075634845E-01 a       488     0    33     1     8
  2.4079023023157048E-01 a       489     0    33     1     9
  2.7036705235362329E-01 a       490     0    33     1    10
 -4.2495678469521084E-03 a       491     0    33     1    11
  5.2753726416658320E-01 a       492     0    33     1    12
  1.4065874361568564E-01 a       493     0    33     1    13
 -5.5524621003805175E-01 a       494     0    33     1    14
  3.0669746085401718E-02 a       495     0    33     1    15
 -1.1229664048802417E+00 a       496     0    34     1     1
  9.7260746050069208E-02 a       497     0    34     1     2
  4.3757713797286701E-01 a       498     0    34     1     3
 -1.3707553714759440E+00 a       499     0    34     1     4
 -1.6664027573643397E-01 a       500     0    34     1     5
 -7.0578887131563295E-01 a       501     0    34     1     6
 -4.4779972197254447E-01 a       502     0    34     1     7
 -2.5317259899514732E-01 a       503     0    34     1     8
 -8.7176678812528996E-02 a       504     0    34     1     9
 -3.6896973189098420E-01 a       505     0    34     1    10
  5.2907774137964658E-01 a       506     0    34     1    11
 -1.3534269117883704E+00 a       507     0    34     1    12
  1.1369664145924794E+00 a       508     0    34     1    13
  3.5561388749265804E-01 a       509     0    34     1    14
  2.0946128090239793E-02 a       510     0    34     1    15
 -3.2457008869044957E-01 a       511     0    35     1     1
  4.3896118561434067E-01 a       512     0    35     1     2
  5.7520919590479280E-01 a       513     0    35     1     3
 -1.4620635606824936E-01 a       514     0    35     1     4
  7.2192982016398011E-01 a       515     0    35     1     5
  1.0415926847267296E+00 a       516     0    35     1     6
 -1.9912300506017880E-01 a       517     0    35     1     7
 -1.9029648257786344E-02 a       518     0    35     1     8
  1.4557697627859689E-01 a       519     0    35     1     9
  4.6396906129048676E-01 a       520     0    35     1    10
  1.1244095206197211E+00 a       521     0    35     1    11
  7.4451637579887708E-01 a       522     0    35     1    12
  7.0000768943632230E-01 a       523     0    35     1    13
 -9.6143315086427994E-01 a       524     0    35     1    14
  2.3532287242673172E-01 a       525     0    35     1    15
  9.0425864326135474E-02 a       526     0    36     1     1
  1.1091608115449794E-01 a       527     0    36     1     2
 -2.3378804078789944E-01 a       528     0    36     1     3
  2.6787650123194900E-01 a       529     0    36     1     4
  5.0326433569775930E-01 a       530     0    36     1     5
  1.6344279617258098E-01 a       531     0    36     1     6
 -2.3838002678279227E-01 a       532     0    36     1     7
  9.5502387214115789E-02 a       533     0    36     1     8
  6.7122000894280087E-01 a       534     0    36     1     9
  2.5272280499536653E-01 a       535     0    36     1    10
  7.6780526769176916E-01 a       536     0    36     1    11
 -7.0065141803721853E-01 a       537     0    36     1    12
 -1.4762709122444029E-01 a       538     0    36     1    13
 -7.1331050830461720E-02 a       539     0    36     1    14
 -7.7350801133197145E-02 a       540     0    36     1    15
  4.9742363358915653E-01 a       541     0    37     1     1
 -1.0210797112505836E-01 a       542     0    37     1     2
 -7.3036185206398796E-01 a       543     0    37     1     3
  6.0962649462684274E-02 a       544     0    37     1     4
  5.4414582742528639E-01 a       545     0    37     1     5
 -1.1448573318667821E+00 a       546     0    37     1     6
  7.1145074532471808E-01 a       547     0    37     1     7
  3.9817611803175779E-01 a       548     0    37     1     8
 -1.3009084611929540E+00 a       549     0    37     1     9
 -2.9702203486659090E-01 a       550     0    37     1    10
 -2.1595395615897237E-01 a       551     0    37     1    11
  9.4148331981949063E-01 a       552     0    37     1    12
 -1.2490143386757767E-01 a       553     0    37     1    13
  3.3919993248467795E-01 a       554     0    37     1    14
  7.3840856436740743E-01 a       555     0    37     1    15
  1.5014010532302710E-01 a       556     0    38     1     1
 -1.1530381208753206E+00 a       557     0    38     1     2
  4.0300860291082187E-02 a       558     0    38     1     3
 -3.9743998402920720E-02 a       559     0    38     1     4
  1.8254880281037977E-01 a       560     0    38     1     5
 -2.7119949126713677E-01 a       561     0    38     1     6
 -1.3888260847145175E+00 a       562     0    38     1     7
  3.6827830389781735E-01 a       563     0    38     1     8
 -2.2105234272114669E+00 a       564     0    38     1     9
  1.1704776255914151E+00 a       565     0    38     1    10
  3.0595908215468887E-01 a       566     0    38     1    11
 -4.0947063373593778E-01 a       567     0    38     1    12
  3.1675567577695858E-02 a       568     0    38     1    13
  8.0810549863430170E-01 a       569     0    38     1    14
 -1.1527446168337425E+00 a       570     0    38     1    15
  2.2317668262340828E-01 a       571     0    39     1     1
  2.7500816564734720E-01 a       572     0    39     1     2
  2.0302119736613711E-01 a       573     0    39     1     3
  7.0565201848484518E-03 a       574     0    39     1     4
  8.6192356556061375E-02 a       575     0    39     1     5
 -7.5284959823808373E-01 a       576     0    39     1     6
 -4.1727014648686382E-02 a       577     0    39     1     7
  3.8368662038858942E-02 a       578     0    39     1     8
 -2.5795898036807058E-01 a       579     0    39     1     9
  2.1885907860659460E-02 a       580     0    39     1    10
 -6.6565308894555908E-01 a       581     0    39     1    11
 -4.0684395563210612E-01 a       582     0    39     1    12
 -4.9251364001392278E-01 a       583     0    39     1    13
  1.2812691927963751E-01 a       584     0    39     1    14
  3.1159370300507430E-02 a       585     0    39     1    15
 -5.7725628453759281E-01 a       586     0    40     1     1
  4.7531457148982997E-01 a       587     0    40     1     2
 -2.8009788263215235E-01 a       588     0    40     1     3
 -8.2701275439288291E-01 a       589     0    40     1     4
  7.7552324826351188E-02 a       590     0    40     1     5
  2.6763402581686888E-02 a       591     0    40     1     6
 -2.9224236257957528E-02 a       592     0    40     1     7
 -7.4788293678529227E-01 a       593     0    40     1     8
  9.3345274778571619E-01 a       594     0    40     1     9
 -1.8743999386256635E-01 a       595     0    40     1    10
 -1.3317286401919006E+00 a       596     0    40     1    11
  2.4371244146268897E-01 a       597     0    40     1    12
 -9.9873773915996777E-02 a       598     0    40     1    13
 -6.7360994429338716E-01 a       599     0    40     1    14
 -7.1259826598328968E-01 a       600     0    40     1    15
  4.2916789977602182E-01 a       601     0    41     1     1
 -3.6202799012711806E-01 a       602     0    41     1     2
 -2.4546622685403188E-01 a       603     0    41     1     3
  4.4464251365177432E-01 a       604     0    41     1     4
 -5.4209616560544494E-01 a       605     0    41     1     5
 -2.3267064593596853E-01 a       606     0    41     1     6
 -6.3359739283605332E-01 a       607     0    41     1     7
 -2.4719097318377128E-01 a       608     0    41     1     8
  7.6001562544861845E-02 a       609     0    41     1     9
 -2.1077631964187024E-01 a       610     0    41     1    10
 -1.6056440440092551E-01 a       611     0    41     1    11
  3.4038799362535364E-02 a       612     0    41     1    12
  1.9871808641561850E-01 a       613     0    41     1    13
  7.9597828080184385E-01 a       614     0    41     1    14
 -3.6557934146359627E-01 a       615     0    41     1    15
  3.3655999181914792E-01 a       616     0    42     1     1
  3.7284795168548451E-01 a       617     0    42     1     2
  6.4742104993421101E-01 a       618     0    42     1     3
  3.6864099234497943E-01 a       619     0    42     1     4
 -5.8222363023205448E-01 a       620     0    42     1     5
  7.2595934753697522E-01 a       621     0    42     1     6
 -2.5833482951141595E-01 a       622     0    42     1     7
 -3.2008009037002100E-01 a       623     0    42     1     8
  7.3781332412238443E-02 a       624     0    42     1     9
  6.8813035570669689E-01 a       625     0    42     1    10
 -7.1795335778380098E-01 a       626     0    42     1    11
 -2.2959032307934449E-01 a       627     0    42     1    12
 -6.2417948415106406E-01 a       628     0    42     1    13
  9.2406934430461063E-01 a       629     0    42     1    14
  5.0288045238580636E-01 a       630     0    42     1    15
  8.9870570607204525E-01 a       631     0    43     1     1
 -8.1249809619571134E-01 a       632     0    43     1     2
 -1.5820566274665886E+00 a       633     0    43     1     3
  9.3537663142568131E-02 a       634     0    43     1     4
  1.8698014643357117E+00 a       635     0    43     1     5
 -6.4604053234259540E-01 a       636     0    43     1     6
  1.1913372295350044E+00 a       637     0    43     1     7
  7.0071183048182717E-01 a       638     0    43     1     8
  1.3062332045336791E+00 a       639     0    43     1     9
 -4.6497593732429954E-02 a       640     0    43     1    10
  2.4972056248409713E-01 a       641     0    43     1    11
  3.3464424156563616E-01 a       642     0    43     1    12
 -1.4050289513623171E-01 a       643     0    43     1    13
  8.2191457599181694E-01 a       644     0    43     1    14
  4.4205971829403351E-01 a       645     0    43     1    15
 -4.0575468876590354E-01 a       646     0    44     1     1
  2.8517724816069301E-01 a       647     0    44     1     2
  1.2573808905422696E+00 a       648     0    44     1     3
  2.6006848182508813E-01 a       649     0    44     1     4
  9.2574589804157614E-02 a       650     0    44     1     5
  3.2681849343075281E-01 a       651     0    44     1     6
  2.5001303178503814E-01 a       652     0    44     1     7
 -2.8084363358552733E-01 a       653     0    44     1     8
 -3.9319344722392019E-01 a       654     0    44     1     9
 -7.2728294302543628E-02 a       655     0    44     1    10
  4.1651665730636722E-01 a       656     0    44     1    11
  2.7865329553301710E-01 a       657     0    44     1    12
 -2.4450669705582656E-01 a       658     0    44     1    13
 -3.9735869518908429E-01 a       659     0    44     1    14
 -6.7083149315509993E-01 a       660     0    44     1    15
  2.1590037893822828E-01 a       661     0    45     1     1
 -9.4957945679915445E-02 a       662     0    45     1     2
  1.3093177175350776E-01 a       663     0    45     1     3
  7.9224774058920755E-01 a       664     0    45     1     4
  4.1570561683234572E-02 a       665     0    45     1     5
 -7.4893312884530841E-02 a       666     0    45     1     6
  3.6787607916176446E-01 a       667     0    45     1     7
 -1.8898224850899079E-01 a       668     0    45     1     8
  4.8894043727095585E-03 a       669     0    45     1     9
  2.9458879885698525E-02 a       670     0    45     1    10
  4.1258269832361827E-01 a       671     0    45     1    11
 -1.1743037202639967E-02 a       672     0    45     1    12
  2.5539393590198517E-01 a       673     0    45     1    13
  1.0266693635120432E+00 a       674     0    45     1    14
 -8.9053126314534325E-01 a       675     0    45     1    15
 -1.8549514079624041E-01 a       676     0    46     1     1
  3.8572284113956395E-01 a       677     0    46     1     2
 -1.9594448111698732E+00 a       678     0    46     1     3
  6.2059780716340718E-01 a       679     0    46     1     4
 -8.0951067842245861E-01 a       680     0    46     1     5
  1.0372076848628431E+00 a       681     0    46     1     6
  6.8802327388810791E-01 a       682     0    46     1     7
 -3.6470825479288910E-01 a       683     0    46     1     8
  7.5765582239274409E-01 a       684     0    46     1     9
  3.3688551363200148E-01 a       685     0    46     1    10
  9.3751076100297137E-01 a       686     0    46     1    11
  7.8751769329962806E-01 a       687     0    46     1    12
 -4.6767122735984062E-01 a       688     0    46     1    13
 -3.6895167037134510E-02 a       689     0    46     1    14
  3.3604398072801578E-01 a       690     0    46     1    15
  4.2850278122000762E-01 a       691     0    47     1     1
 -4.3513948927010659E-01 a       692     0    47     1     2
 -2.1895005330155037E-03 a       693     0    47     1     3
  6.8689147336147305E-01 a       694     0    47     1     4
  7.1714168297228736E-02 a       695     0    47     1     5
 -2.9056355355757590E-01 a       696     0    47     1     6
  2.0597981073218308E-01 a       697     0    47     1     7
  7.2755713007955289E-02 a       698     0    47     1     8
  1.5914121827327060E-01 a       699     0    47     1     9
 -9.3898232920651567E-02 a       700     0    47     1    10
 -1.8280252847118494E-01 a       701     0    47     1    11
 -4.1941120675849891E-01 a       702     0    47     1    12
 -9.3233531105212630E-01 a       703     0    47     1    13
  4.8876471948849093E-01 a       704     0    47     1    14
 -5.3611429926050358E-01 a       705     0    47     1    15
  1.2706469817624499E-01 a       706     0    48     1     1
 -2.4890457240016006E-01 a       707     0    48     1     2
  4.2085063609752443E-01 a       708     0    48     1     3
  9.6606473959194006E-01 a       709     0    48     1     4
 -2.5550474819372176E-01 a       710     0    48     1     5
 -7.2314918907591774E-01 a       711     0    48     1     6
  2.0869614669303219E-01 a       712     0    48     1     7
  1.5723188316839937E-01 a       713     0    48     1     8
 -6.0683047494633946E-01 a       714     0    48     1     9
  7.9758560870094775E-01 a       715     0    48     1    10
 -3.6779613860962590E-01 a       716     0    48     1    11
  2.5638251758407343E-01 a       717     0    48     1    12
 -9.8529265845445808E-03 a       718     0    48     1    13
 -2.9940258473099629E-01 a       719     0    48     1    14
  2.4047676660116032E-01 a       720     0    48     1    15
 -4.8506699890239152E-01 a       721     0    49     1     1
  2.3553524235299711E-01 a       722     0    49     1     2
  1.3981334080107741E-01 a       723     0    49     1     3
 -4.0540780841761448E-01 a       724     0    49     1     4
  3.6366890145032543E-01 a       725     0    49     1     5
 -1.6174853592685690E-01 a       726     0    49     1     6
 -8.3351736921387320E-01 a       727     0    49     1     7
 -6.8420313573713465E-01 a       728     0    49     1     8
  6.8007919383388826E-01 a       729     0    49     1     9
  8.9494667895817281E-01 a       730     0    49     1    10
 -2.9835473877375263E-01 a       731     0    49     1    11
 -6.3227578792991401E-01 a       732     0    49     1    12
  1.5771047452590337E-01 a       733     0    49     1    13
 -9.2436851763047834E-02 a       734     0    49     1    14
 -6.8377588787112287E-01 a       735     0    49     1    15
 -1.2662975381420100E-01 a       736     0    50     1     1
 -2.1697979138056780E-01 a       737     0    50     1     2
 -1.5425930281971387E-01 a       738     0    50     1     3
  7.4090207800027963E-01 a       739     0    50     1     4
 -2.0070140710276216E-01 a       740     0    50     1     5
  1.4289869162461735E-01 a       741     0    50     1     6
 -2.6820797680649489E-01 a       742     0    50     1     7
 -1.8626039643054101E-01 a       743     0    50     1     8
 -9.8202200000893164E-02 a       744     0    50     1     9
 -9.5178615490277807E-01 a       745     0    50     1    10
  7.6669680542603214E-01 a       746     0    50     1    11
  2.6979640470399252E-01 a       747     0    50     1    12
  9.4627366623896336E-01 a       748     0    50     1    13
  3.4346569436666217E-02 a       749     0    50     1    14
  7.7637148069976936E-01 a       750     0    50     1    15
 -3.2789698209410373E-01 a       751     0    51     1     1
  2.2933923371797987E-01 a       752     0    51     1     2
 -5.7558984128539925E-01 a       753     0    51     1     3
 -3.3637058500089667E-01 a       754     0    51     1     4
 -1.2493678189987248E-01 a       755     0    51     1     5
  1.1267997786938597E-01 a       756     0    51     1     6
 -2.4599377909069287E-02 a       757     0    51     1     7
 -1.8501187872536368E-01 a       758     0    51     1     8
 -5.4902528206928522E-02 a       759     0    51     1     9
 -1.7532341881173145E-02 a       760     0    51     1    10
  1.0020965478307473E-01 a       761     0    51     1    11
 -3.4734538102290498E-02 a       762     0    51     1    12
  5.0795874585230649E-01 a       763     0    51     1    13
 -3.5833065136904246E-01 a       764     0    51     1    14
 -4.8573038658434264E-02 a       765     0    51     1    15
  2.6189920049937514E-02 a       766     0    52     1     1
 -2.0788307100223685E-01 a       767     0    52     1     2
 -5.4371930858449746E-01 a       768     0    52     1     3
 -2.6404739460930948E-01 a       769     0    52     1     4
  2.6525692108685928E-02 a       770     0    52     1     5
  4.9925682981216818E-01 a       771     0    52     1     6
  3.2124334984207012E-03 a       772     0    52     1     7
  1.4895602191770518E-01 a       773     0    52     1     8
 -3.5939342665628282E-01 a       774     0    52     1     9
  1.0842602141573982E-01 a       775     0    52     1    10
  2.6103650990550242E-01 a       776     0    52     1    11
  1.3359967701297024E-01 a       777     0    52     1    12
 -8.1325945331657754E-03 a       778     0    52     1    13
  6.9848552326271296E-02 a       779     0    52     1    14
  2.4984710435362878E-01 a       780     0    52     1    15
  2.7718462439957642E-01 a       781     0    53     1     1
  4.2750702291895754E-01 a       782     0    53     1     2
  2.8790853894686097E-01 a       783     0    53     1     3
  3.7228344371642419E-01 a       784     0    53     1     4
  1.8039213326312623E-01 a       785     0    53     1     5
  4.1795446948395337E-01 a       786     0    53     1     6
  9.1811592285300370E-01 a       787     0    53     1     7
  1.6833770038546407E-02 a       788     0    53     1     8
 -1.3589148357000347E-01 a       789     0    53     1     9
  4.0430154893373449E-01 a       790     0    53     1    10
 -9.9359567647880565E-02 a       791     0    53     1    11
  9.8966488377061429E-02 a       792     0    53     1    12
 -7.8048391201404432E-01 a       793     0    53     1    13
 -4.9289697795261422E-01 a       794     0    53     1    14
 -2.6969823191514425E-01 a       795     0    53     1    15
  6.7289712799265308E-02 a       796     0    54     1     1
 -5.9512020977728945E-02 a       797     0    54     1     2
 -3.2381677528524133E-01 a       798     0    54     1     3
  8.3387537574625914E-02 a       799     0    54     1     4
  3.0028781341478883E-01 a       800     0    54     1     5
 -2.1753357445480051E-01 a       801     0    54     1     6
  2.1142770979768105E-01 a       802     0    54     1     7
  4.8588528592838486E-02 a       803     0    54     1     8
 -2.2804769938550964E-01 a       804     0    54     1     9
 -6.2885189561839316E-01 a       805     0    54     1    10
  2.8500051435355045E-01 a       806     0    54     1    11
  2.9151631227000235E-01 a       807     0    54     1    12
  2.1677568526864108E-01 a       808     0    54     1    13
 -1.3272197063584232E-01 a       809     0    54     1    14
 -2.8000409522021691E-01 a       810     0    54     1    15
 -1.8980118422902173E-01 a       811     0    55     1     1
  1.8402215810478142E-01 a       812     0    55     1     2
  2.6545754693211576E-01 a       813     0    55     1     3
  3.0080146076430087E-01 a       814     0    55     1     4
 -1.8172795605214545E-01 a       815     0    55     1     5
  1.7407344265857719E-02 a       816     0    55     1     6
 -7.1395623481300330E-01 a       817     0    55     1     7
  1.4158978402220293E-01 a       818     0    55     1     8
  4.6391535103454458E-02 a       819     0    55     1     9
 -1.7418722210961973E-01 a       820     0    55     1    10
 -1.0685272555463905E-01 a       821     0    55     1    11
 -1.6778633431840584E-01 a       822     0    55     1    12
  3.4152047806352925E-01 a       823     0    55     1    13
 -4.9099115527287969E-02 a       824     0    55     1    14
 -5.6551865861517736E-01 a       825     0    55     1    15
 -9.7103121369839979E-02 a       826     0    56     1     1
 -2.4941565145314079E-01 a       827     0    56     1     2
 -2.9790151270172810E-01 a       828     0    56     1     3
  1.5630280300040178E-01 a       829     0    56     1     4
  1.1420477855274695E-01 a       830     0    56     1     5
 -2.8711703700865976E-01 a       831     0    56     1     6
 -7.5793560579007968E-01 a       832     0    56     1     7
  1.2516936233975368E-01 a       833     0    56     1     8
 -6.1413859806739657E-01 a       834     0    56     1     9
  5.8681658609167166E-02 a       835     0    56     1    10
 -1.1632347705371542E-01 a       836     0    56     1    11
 -2.4195253869182276E-01 a       837     0    56     1    12
  4.7965800574362966E-01 a       838     0    56     1    13
 -9.1128892322171612E-02 a       839     0    56     1    14
  4.1449448273056894E-01 a       840     0    56     1    15
 -1.0815784118574218E-01 a       841     0    57     1     1
  1.0266952422121013E-01 a       842     0    57     1     2
 -2.9592955885737854E-01 a       843     0    57     1     3
 -2.1631530038184676E-01 a       844     0    57     1     4
 -8.5324581879553760E-02 a       845     0    57     1     5
  7.6658363164533935E-02 a       846     0    57     1     6
 -1.4615059503895461E-01 a       847     0    57     1     7
  5.1277364736618453E-02 a       848     0    57     1     8
 -2.6910814438252739E-01 a       849     0    57     1     9
 -1.7601651630155254E-01 a       850     0    57     1    10
 -1.0183573649072504E-01 a       851     0    57     1    11
 -1.0849192000836262E-01 a       852     0    57     1    12
  3.7828361953284768E-03 a       853     0    57     1    13
 -4.3287251500157314E-01 a       854     0    57     1    14
  4.3201955474257470E-01 a       855     0    57     1    15
  2.1041183211010137E-01 a       856     0    58     1     1
  2.5324885788529476E-02 a       857     0    58     1     2
  3.4443153113150227E-01 a       858     0    58     1     3
 -7.8545413937294373E-01 a       859     0    58     1     4
 -1.5141505960729051E-01 a       860     0    58     1     5
  1.8222924279726885E-01 a       861     0    58     1     6
 -2.2931365085299182E-01 a       862     0    58     1     7
 -1.7943996447096730E-01 a       863     0    58     1     8
 -6.8624160418892099E-01 a       864     0    58     1     9
 -5.9186800331235878E-01 a       865     0    58     1    10
 -5.5193654865108710E-01 a       866     0    58     1    11
 -1.0974784438916277E-01 a       867     0    58     1    12
 -4.8025516366412058E-02 a       868     0    58     1    13
 -9.3142089184958504E-02 a       869     0    58     1    14
 -2.0932554461896705E-01 a       870     0    58     1    15
 -3.6401152840562767E-01 a       871     0    59     1     1
  2.4734851727678586E-01 a       872     0    59     1     2
 -8.4227082564180766E-02 a       873     0    59     1     3
 -8.2308260841122849E-01 a       874     0    59     1     4
 -1.2362429913865718E-01 a       875     0    59     1     5
  2.9592335910545819E-01 a       876     0    59     1     6
 -3.1168750965466807E-01 a       877     0    59     1     7
  1.2748479084950784E-02 a       878     0    59     1     8
 -4.4696801889155063E-02 a       879     0    59     1     9
 -8.1870507717446431E-02 a       880     0    59     1    10
  6.3392431887034379E-03 a       881     0    59     1    11
  1.8808458151073287E-01 a       882     0    59     1    12
  7.4155475223897560E-01 a       883     0    59     1    13
 -1.8108723406621333E-01 a       884     0    59     1    14
  4.6038112672875919E-01 a       885     0    59     1    15
 -1.2962754567742843E-01 a       886     0    60     1     1
  3.1866337653375681E-02 a       887     0    60     1     2
 -1.1670007874139302E-01 a       888     0    60     1     3
 -5.1574255550453174E-01 a       889     0    60     1     4
  8.9731608752243328E-02 a       890     0    60     1     5
  1.3061873285723144E-01 a       891     0    60     1     6
 -1.5559020032350698E-01 a       892     0    60     1     7
 -3.2831391999217897E-02 a       893     0    60     1     8
  2.3330434403259134E-01 a       894     0    60     1     9
 -5.4725003310057296E-01 a       895     0    60     1    10
  3.2241627030082314E-02 a       896     0    60     1    11
 -1.0269748007203855E-01 a       897     0    60     1    12
  7.7299299192767734E-02 a       898     0    60     1    13
  6.4659073289469002E-02 a       899     0    60     1    14
 -1.1560688360135675E-01 a       900     0    60     1    15
  1.8135761234953690E-01 a       901     0    61     1     1
 -8.1553332219687191E-02 a       902     0    61     1     2
 -7.5622894384691414E-02 a       903     0    61     1     3
 -7.4528765272431199E-02 a       904     0    61     1     4
 -2.9160723900263014E-01 a       905     0    61     1     5
  3.3593845581984416E-01 a       906     0    61     1     6
  2.6696221537332915E-01 a       907     0    61     1     7
  1.7616274960637660E-01 a       908     0    61     1     8
 -1.2101312477211251E-01 a       909     0    61     1     9
 -3.4857025466647196E-01 a       910     0    61     1    10
  9.4074330857060323E-02 a       911     0    61     1    11
  1.7400232358915177E-01 a       912     0    61     1    12
 -1.4325920848709084E-01 a       913     0    61     1    13
  3.1922803779009946E-02 a       914     0    61     1    14
  2.9455882048604987E-01 a       915     0    61     1    15
  2.9468418066396749E-02 a       916     0    62     1     1
  1.7623630050221072E-02 a       917     0    62     1     2
  5.6116549024442609E-02 a       918     0    62     1     3
 -6.1345296151343165E-01 a       919     0    62     1     4
  8.9689632224840068E-02 a       920     0    62     1     5
  4.3706240735093374E-04 a       921     0    62     1     6
  3.4920661470483538E-01 a       922     0    62     1     7
  1.0881524272755864E-01 a       923     0    62     1     8
  3.9100260134457571E-01 a       924     0    62     1     9
  3.3054526022003367E-01 a       925     0    62     1    10
 -2.9602248332241876E-01 a       926     0    62     1    11
 -1.3042682971906761E-01 a       927     0    62     1    12
 -6.5765812175943839E-01 a       928     0    62     1    13
  1.5338153639106780E-01 a       929     0    62     1    14
 -2.0207887662401747E-01 a       930     0    62     1    15
  7.5103692810318992E-02 a       931     0    63     1     1
 -1.3721375365151109E-01 a       932     0    63     1     2
  4.3951551408438311E-01 a       933     0    63     1     3
  1.5179462545173539E-01 a       934     0    63     1     4
 -2.6066031292502918E-02 a       935     0    63     1     5
  1.6990987130671348E-01 a       936     0    63     1     6
  5.4148708560131445E-03 a       937     0    63     1     7
  2.8693155128463946E-02 a       938     0    63     1     8
  5.8521095652039896E-02 a       939     0    63     1     9
  5.2079468306291642E-02 a       940     0    63     1    10
  1.4501843090156893E-01 a       941     0    63     1    11
  5.9945817559167863E-02 a       942     0    63     1    12
 -2.5453888006770731E-01 a       943     0    63     1    13
  1.2460288315794013E-01 a       944     0    63     1    14
  5.4280656914873160E-02 a       945     0    63     1    15
  6.0492099806146058E-03 a       946     0    64     1     1
 -1.4867889086878866E-01 a       947     0    64     1     2
  8.4933824159780069E-01 a       948     0    64     1     3
  8.7487721426909881E-01 a       949     0    64     1     4
 -1.4229803678348471E-01 a       950     0    64     1     5
 -1.2969829459247606E-02 a       951     0    64     1     6
  9.2988583219062448E-03 a       952     0    64     1     7
 -4.5985908059999928E-02 a       953     0    64     1     8
 -3.1966410285126878E-01 a       954     0    64     1     9
  5.9425290985256241E-01 a       955     0    64     1    10
  7.6241189453792865E-02 a       956     0    64     1    11
 -7.5870163535044222E-02 a       957     0    64     1    12
  1.1095631245613549E-01 a       958     0    64     1    13
  1.6053633576712617E-01 a       959     0    64     1    14
 -1.6386528719347818E-02 a       960     0    64     1    15
 -4.2087577539846260E-01 b       961     1     1
  5.6402288168210790E-01 b       962     1     2
 -1.2081450056142002E+00 b       963     1     3
 -1.9758288020015158E-01 b       964     1     4
 -3.9034118583199257E-01 b       965     1     5
  3.0408662517503471E-01 b       966     1     6
  3.1878002035239515E-02 b       967     1     7
  5.2782600194112773E-02 b       968     1     8
 -1.0991208904273439E-01 b       969     1     9
  2.4472200802502983E-01 b       970     1    10
  1.3477464923140395E-01 b       971     1    11
  7.3588849232491227E-01 b       972     1    12
  2.6676967249564193E-01 b       973     1    13
  2.8590068973537586E-01 b       974     1    14
 -3.0388990234956947E-01 b       975     1    15
 -9.8685202718533593E-01 a       976     1     1     2     1
  4.2619589348132336E-01 a       977     1     1     2     2
 -1.8014181077917937E+00 a       978     1     1     2     3
  3.2821060299330247E-02 a       979     1     1     2     4
 -6.4219232834143478E-02 a       980     1     1     2     5
 -1.9186214209223069E+00 a       981     1     1     2     6
  1.4337788224950252E+00 a       982     1     1     2     7
  4.2807494364074911E-01 a       983     1     1     2     8
 -1.1917029307239968E+00 a       984     1     1     2     9
 -1.0775865431451017E+00 a       985     1     1     2    10
 -1.2294155280439178E+00 a       986     1     1     2    11
  4.5555662411796344E-01 a       987     1     1     2    12
  1.9902594334604278E+00 a       988     1     1     2    13
  7.1481301300744049E-01 a       989     1     1     2    14
  1.3180034468729931E+00 a       990     1     1     2    15
  1.6962510789367050E-01 a       991     1     2     2     1
  5.6817899828055740E-01 a       992     1     2     2     2
 -4.9687824104767930E-01 a       993     1     2     2     3
  6.5388676668514778E-01 a       994     1     2     2     4
  1.1577309680352454E+00 a       995     1     2     2     5
  1.7213353759572165E+00 a       996     1     2     2     6
  1.0904171577073608E-01 a       997     1     2     2     7
 -1.2167038690585752E+00 a       998     1     2     2     8
 -5.2371732134342208E-01 a       999     1     2     2     9
 -4.9292591997113688E-01 a      1000     1     2     2    10
 -1.8439585520017690E-01 a      1001     1     2     2    11
  1.0373685253091454E+00 a      1002     1     2     2    12
  5.4649405350176405E-01 a      1003     1     2     2    13
 -2.9713740857179771E-01 a      1004     1     2     2    14
  8.3510516541457455E-02 a      1005     1     2     2    15
 -1.3649997417280271E+00 a      1006     1     3     2     1
  2.4234866821119941E-01 a      1007     1     3     2     2
  1.9638503351243730E+00 a      1008     1     3     2     3
  5.7086814880488657E-01 a      1009     1     3     2     4
 -5.5356955635238195E-02 a      1010     1     3     2     5
  6.5072725784771679E-01 a      1011     1     3     2     6
 -1.7901177079658406E-01 a      1012     1     3     2     7
  1.1608068563005360E+00 a      1013     1     3     2     8
 -3.3369895841018804E-01 a      1014     1     3     2     9
  3.2117225728271459E-01 a      1015     1     3     2    10
 -1.5193648588272141E-01 a      1016     1     3     2    11
  4.3861922256500219E-01 a      1017     1     3     2    12
  1.4942517447498267E+00 a      1018     1     3     2    13
 -7.5950451799269258E-01 a      1019     1     3     2    14
  2.1203518498134538E-01 a      1020     1     3     2    15
  6.3307310258895064E-02 a      1021     1     4     2     1
  7.5567887895394215E-01 a      1022     1     4     2     2
 -1.5824383796657995E+00 a      1023     1     4     2     3
  7.7991789295827019E-01 a      1024     1     4     2     4
  6.0854297895105369E-01 a      1025     1     4     2     5
  1.5801799550139124E+00 a      1026     1     4     2     6
 -2.1295259059908819E-01 a      1027     1     4     2     7
 -4.4994697866882422E-01 a      1028     1     4     2     8
 -8.5353042759737674E-01 a      1029     1     4     2     9
 -9.5430477312663486E-01 a      1030     1     4     2    10
  7.7774130242795603E-01 a      1031     1     4     2    11
  1.2442045271193136E+00 a      1032     1     4     2    12
  5.2464533475284147E-01 a      1033     1     4     2    13
 -3.6137200379032780E-01 a      1034     1     4     2    14
 -1.9098013969189509E-01 a      1035     1     4     2    15
 -4.7890980617234657E-01 a      1036     1     5     2     1
  8.8386786529796257E-01 a      1037     1     5     2     2
 -6.2826994227004795E-01 a      1038     1     5     2     3
  1.7311624087196403E-01 a      1039     1     5     2     4
  9.8157228246389761E-01 a      1040     1     5     2     5
 -1.3487413360707177E+00 a      1041     1     5     2     6
  1.6333195810661545E+00 a      1042     1     5     2     7
 -8.7564646575095162E-01 a      1043     1     5     2     8
 -7.9755701011544700E-01 a      1044     1     5     2     9
 -3.6132882336240474E-01 a      1045     1     5     2    10
 -7.7895219955951256E-01 a      1046     1     5     2    11
 -1.1309898726650434E+00 a      1047     1     5     2    12
  1.3560374791547345E+00 a      1048     1     5     2    13
 -1.6456131107176189E-01 a      1049     1     5     2    14
  5.1068486944432789E-01 a      1050     1     5     2    15
  2.0902782023942676E-01 a      1051     1     6     2     1
  7.7139881784048792E-01 a      1052     1     6     2     2
 -3.3757963626480303E-01 a      1053     1     6     2     3
  7.4565673708577962E-01 a      1054     1     6     2     4
  8.4402277743800980E-01 a      1055     1     6     2     5
  9.3471218185230853E-01 a      1056     1     6     2     6
  4.9471125458607340E-01 a      1057     1     6     2     7
 -7.9693892647160292E-01 a      1058     1     6     2     8
 -1.1607545807040068E-01 a      1059     1     6     2     9
  2.9268185231187388E-01 a      1060     1     6     2    10
  8.1765807532554291E-01 a      1061     1     6     2    11
  8.0043610048814628E-01 a      1062     1     6     2    12
 -1.1585789908379564E-01 a      1063     1     6     2    13
  1.4439232463963925E-01 a      1064     1     6     2    14
 -5.5148387186844050E-01 a      1065     1     6     2    15
 -1.4785352927628144E-02 a      1066     1     7     2     1
 -1.3046163555065899E+00 a      1067     1     7     2     2
  3.0894307807463445E-01 a      1068     1     7     2     3
 -6.1500532826401466E-01 a      1069     1     7     2     4
  1.8579517687210390E-01 a      1070     1     7     2     5
 -4.2095260880085478E-01 a      1071     1     7     2     6
 -3.8265955739517377E-01 a      1072     1     7     2     7
  1.2358419189606218E+00 a      1073     1     7     2     8
  1.1143757057911527E+00 a      1074     1     7     2     9
  4.3258495100451078E-01 a      1075     1     7     2    10
 -8.8109007174105303E-01 a      1076     1     7     2    11
  5.4431693071318732E-01 a      1077     1     7     2    12
 -2.1838875749101718E+00 a      1078     1     7     2    13
  6.6378244248084542E-02 a      1079     1     7     2    14
  3.2026098310920564E-01 a      1080     1     7     2    15
 -3.9554335524978296E-01 a      1081     1     8     2     1
  4.9225319292593878E-01 a      1082     1     8     2     2
 -1.0150419279596015E+00 a      1083     1     8     2     3
 -2.5484041515915279E-01 a      1084     1     8     2     4
 -2.0343552194824036E-01 a      1085     1     8     2     5
 -1.6914108543627371E-01 a      1086     1     8     2     6
 -2.6559891638025712E-01 a      1087     1     8     2     7
 -6.9132609920094290E-01 a      1088     1     8     2     8
  4.2236533704992485E-01 a      1089     1     8     2     9
 -4.7185614663602427E-01 a      1090     1     8     2    10
  1.3784397804850550E+00 a      1091     1     8     2    11
  1.1223961276001326E+00 a      1092     1     8     2    12
 -7.0624766092886870E-02 a      1093     1     8     2    13
  7.1762314764800483E-01 a      1094     1     8     2    14
 -8.2164432489585892E-01 a      1095     1     8     2    15
  7.4530999482401827E-01 a      1096     1     9     2     1
 -2.0577994279913095E-01 a      1097     1     9     2     2
 -5.1379391758295856E-01 a      1098     1     9     2     3
  3.7841615908611437E-01 a      1099     1     9     2     4
 -2.0864563304315814E-01 a      1100     1     9     2     5
  1.6177744688337914E+00 a      1101     1     9     2     6
  4.5189755116453616E-02 a      1102     1     9     2     7
  8.3328863201009962E-02 a      1103     1     9     2     8
  1.4175562880175649E-01 a      1104     1     9     2     9
 -3.0367306545339749E-02 a      1105     1     9     2    10
  5.7668333924356263E-01 a      1106     1     9     2    11
  1.1450781434289736E+00 a      1107     1     9     2    12
 -6.7676186131179739E-01 a      1108     1     9     2    13
 -9.2861707040760480E-02 a      1109     1     9     2    14
 -6.9266619252244610E-01 a      1110     1     9     2    15
  2.1713510456953081E-01 a      1111     1    10     2     1
  1.0600939383605355E-01 a      1112     1    10     2     2
 -9.6340642822521450E-01 a      1113     1    10     2     3
  4.3059885209233578E-01 a      1114     1    10     2     4
  1.6578404274324782E-01 a      1115     1    10     2     5
 -6.8660528515559527E-01 a      1116     1    10     2     6
  2.0581388197845507E-01 a      1117     1    10     2     7
 -5.6255479775079709E-01 a      1118     1    10     2     8
 -4.3654581596215974E-01 a      1119     1    10     2     9
 -3.0312342835746880E-01 a      1120     1    10     2    10
  5.6598195322719536E-01 a      1121     1    10     2    11
 -7.0563158943835769E-01 a      1122     1    10     2    12
 -5.6023229377065797E-01 a      1123     1    10     2    13
  2.3044765158806443E-01 a      1124     1    10     2    14
  3.2686968333955131E-02 a      1125     1    10     2    15
  3.2786475437660539E-01 a      1126     1    11     2     1
 -1.3352105056833996E-01 a      1127     1    11     2     2
  1.2570149650708482E+00 a      1128     1    11     2     3
 -4.6370735989436340E-01 a      1129     1    11     2     4
 -6.8362975324213460E-01 a      1130     1    11     2     5
 -6.7455551311363615E-01 a      1131     1    11     2     6
 -4.1056727134277993E-01 a      1132     1    11     2     7
  6.0136141462877912E-01 a      1133     1    11     2     8
 -4.8468682220573184E-01 a      1134     1    11     2     9
 -6.7869643355528342E-01 a      1135     1    11     2    10
  1.6781847522223892E-02 a      1136     1    11     2    11
 -3.5956936812031698E-01 a      1137     1    11     2    12
  1.4042955943433970E+00 a      1138     1    11     2    13
  2.5449776908154281E-01 a      1139     1    11     2    14
 -4.7480584988484742E-01 a      1140     1    11     2    15
 -1.2670667577909128E-01 a      1141     1    12     2     1
  1.3419739278638423E-01 a      1142     1    12     2     2
 -1.0588003987843977E-01 a      1143     1    12     2     3
 -1.2276125861179439E+00 a      1144     1    12     2     4
 -1.1955754272087749E+00 a      1145     1    12     2     5
 -1.0446744496610653E-01 a      1146     1    12     2     6
 -1.7928428481187157E+00 a      1147     1    12     2     7
 -8.9782622035471060E-01 a      1148     1    12     2     8
  6.7858036684619072E-01 a      1149     1    12     2     9
 -6.0098143869275651E-02 a      1150     1    12     2    10
  8.6541949057942869E-01 a      1151     1    12     2    11
 -1.2120405389615942E+00 a      1152     1    12     2    12
 -8.2051154355620604E-01 a      1153     1    12     2    13
 -1.0553081212487212E+00 a      1154     1    12     2    14
  9.8478829140479551E-01 a      1155     1    12     2    15
  1.5961810644949563E+00 a      1156     1    13     2     1
  1.3247221053798861E-01 a      1157     1    13     2     2
  1.9602441806638793E-01 a      1158     1    13     2     3
  2.6607672031846852E-01 a      1159     1    13     2     4
  1.0841632539950555E-01 a      1160     1    13     2     5
  1.5255636143350546E+00 a      1161     1    13     2     6
  1.0294260671979114E-01 a      1162     1    13     2     7
 -2.4516758440983133E-01 a      1163     1    13     2     8
 -4.3401699495342122E-01 a      1164     1    13     2     9
 -6.4437326603816669E-01 a      1165     1    13     2    10
 -1.1470672746511097E+00 a      1166     1    13     2    11
  1.6473725300003208E+00 a      1167     1    13     2    12
  6.9061155776520244E-01 a      1168     1    13     2    13
 -5.9597125249229543E-01 a      1169     1    13     2    14
 -4.1953282495091992E-01 a      1170     1    13     2    15
  2.6196883262099802E-01 a      1171     1    14     2     1
 -4.5955376496015837E-01 a      1172     1    14     2     2
 -9.9115124544524325E-01 a      1173     1    14     2     3
  1.1663192446010316E-01 a      1174     1    14     2     4
 -7.0338837326172454E-01 a      1175     1    14     2     5
  8.9398283898769648E-01 a      1176     1    14     2     6
 -4.2887157802908527E-01 a      1177     1    14     2     7
 -8.4121355179798341E-01 a      1178     1    14     2     8
  3.6928106029057946E-02 a      1179     1    14     2     9
  7.7289436189332539E-01 a      1180     1    14     2    10
  5.0638215808873746E-02 a      1181     1    14     2    11
 -3.8486672445860171E-01 a      1182     1    14     2    12
 -1.8323442385921418E-01 a      1183     1    14     2    13
 -7.7522964469331590E-01 a      1184     1    14     2    14
  6.4451133081006218E-01 a      1185     1    14     2    15
  1.2537396191102275E+00 a      1186     1    15     2     1
 -3.0953795188322608E-01 a      1187     1    15     2     2
  4.0410420728167001E-02 a      1188     1    15     2     3
 -3.2860462516658384E-01 a      1189     1    15     2     4
 -2.8123682925051119E-01 a      1190     1    15     2     5
 -1.1001638400384781E+00 a      1191     1    15     2     6
  5.3253140506828854E-02 a      1192     1    15     2     7
 -4.5462863536769860E-01 a      1193     1    15     2     8
  4.2040768859476046E-01 a      1194     1    15     2     9
 -2.0312411729675267E-01 a      1195     1    15     2    10
  5.7091783670980867E-01 a      1196     1    15     2    11
 -2.0295656129661538E-01 a      1197     1    15     2    12
 -8.6211165679508006E-01 a      1198     1    15     2    13
 -2.8168451998513389E-01 a      1199     1    15     2    14
 -5.0396040289701205E-01 a      1200     1    15     2    15
  8.7971858158690408E-01 b      1201     2     1
  1.2624101931464107E+00 b      1202     2     2
 -1.3171387723125239E+00 b      1203     2     3
  1.0084596809274364E+00 b      1204     2     4
  3.7855938965421720E-01 b      1205     2     5
  1.8680638513519794E+00 b      1206     2     6
 -9.2139179085647203E-03 b      1207     2     7
 -1.0548829731648182E+00 b      1208     2     8
 -6.0781935469798543E-01 b      1209     2     9
 -1.2657017130308572E+00 b      1210     2    10
 -1.3019465733758749E-02 b      1211     2    11
  7.4193824491328442E-01 b      1212     2    12
  1.4350884506638853E-01 b      1213     2    13
 -4.8034642578282027E-01 b      1214     2    14
 -4.3088512174093779E-01 b      1215     2    15
  1.1958850044482634E-01 a      1216     2     1     3     1
  6.3047732999677675E-01 a      1217     2     2     3     1
 -9.6466098900103381E-02 a      1218     2     3     3     1
 -4.0679779496150048E-01 a      1219     2     4     3     1
  8.3056728351114981E-02 a      1220     2     5     3     1
 -7.9616738327934788E-01 a      1221     2     6     3     1
  1.0645376436863528E-01 a      1222     2     7     3     1
  9.4305574565594630E-01 a      1223     2     8     3     1
 -4.6084850552784767E-01 a      1224     2     9     3     1
  1.2755041535899763E+00 a      1225     2    10     3     1
  2.5094121961371174E-02 a      1226     2    11     3     1
  5.9870026177832281E-01 a      1227     2    12     3     1
 -1.3858333977720108E-01 a      1228     2    13     3     1
 -4.3925650079315870E-01 a      1229     2    14     3     1
 -1.8455842177920085E-03 a      1230     2    15     3     1
 -2.0271899110463015E-01 b      1231     3     1
