################################################################################
# Neural network connection values (weights and biases).
################################################################################
# Col  Name       Description
################################################################################
# 1    connection Neural network connection value.
# 2    t          Connection type (a = weight, b = bias).
# 3    index      Index enumerating weights.
# 4    l_s        Starting point layer (end point layer for biases).
# 5    n_s        Starting point neuron in starting layer (end point neuron for biases).
# 6    l_e        End point layer.
# 7    n_e        End point neuron in end layer.
################################################################################
#                      1 2         3     4     5     6     7
#             connection t     index   l_s   n_s   l_e   n_e
############################################################
 -2.0485387967548371E-01 a         1     0     1     1     1
  2.7508302060802844E-02 a         2     0     1     1     2
  1.2025844128819072E+00 a         3     0     1     1     3
  1.2367760967545540E+00 a         4     0     1     1     4
  9.5096780697357594E-02 a         5     0     1     1     5
 -3.3059538267647359E-01 a         6     0     1     1     6
 -2.3982173687996142E-01 a         7     0     1     1     7
  8.7590283325734453E-01 a         8     0     1     1     8
  4.7759162871441718E-01 a         9     0     1     1     9
 -4.9322846572845219E-01 a        10     0     1     1    10
 -4.7910510497017622E-01 a        11     0     1     1    11
  1.9249890754028937E-01 a        12     0     1     1    12
  8.6398707113048909E-02 a        13     0     1     1    13
  1.2714530268929030E+00 a        14     0     1     1    14
  5.1134302431584755E-01 a        15     0     1     1    15
 -4.7876900639913789E-01 a        16     0     2     1     1
 -6.7309626152040947E-01 a        17     0     2     1     2
  1.3841282747131001E+00 a        18     0     2     1     3
 -4.4807117036103739E-01 a        19     0     2     1     4
 -6.1521729685725590E-01 a        20     0     2     1     5
  9.0055737029247884E-01 a        21     0     2     1     6
 -1.0682845103132259E-01 a        22     0     2     1     7
  2.9902294179624350E-01 a        23     0     2     1     8
  1.3564528764481383E+00 a        24     0     2     1     9
 -4.4535226159803415E-01 a        25     0     2     1    10
  8.6693186181791748E-01 a        26     0     2     1    11
  1.3470142000236893E+00 a        27     0     2     1    12
  2.6346661989513076E-01 a        28     0     2     1    13
  1.0081561646704944E+00 a        29     0     2     1    14
  1.1517346602848212E-01 a        30     0     2     1    15
 -1.4888699591268455E+00 a        31     0     3     1     1
 -7.6306772391812427E-01 a        32     0     3     1     2
 -1.5089290907277741E-01 a        33     0     3     1     3
  1.0309914921813841E+00 a        34     0     3     1     4
 -2.6024296891167320E-01 a        35     0     3     1     5
 -4.9125675564260768E-01 a        36     0     3     1     6
  2.2359952413674625E-01 a        37     0     3     1     7
 -9.5295849299770352E-01 a        38     0     3     1     8
 -4.6670685044050775E-01 a        39     0     3     1     9
 -1.3293335324382077E-01 a        40     0     3     1    10
 -9.3413400558332782E-01 a        41     0     3     1    11
 -1.8926965859915862E-01 a        42     0     3     1    12
  1.2006202628369822E+00 a        43     0     3     1    13
  4.4452116867775004E-01 a        44     0     3     1    14
  1.8526203529566329E-01 a        45     0     3     1    15
 -6.6822248260302708E-01 a        46     0     4     1     1
 -6.3434004260714238E-01 a        47     0     4     1     2
  1.1337778772529030E+00 a        48     0     4     1     3
 -4.4168171819427138E-01 a        49     0     4     1     4
 -1.4343329132931029E-02 a        50     0     4     1     5
 -6.6913794891425527E-01 a        51     0     4     1     6
  4.2677320819353981E-01 a        52     0     4     1     7
 -5.0108773924113392E-01 a        53     0     4     1     8
 -1.3341739374730802E-01 a        54     0     4     1     9
 -8.0844132170077077E-01 a        55     0     4     1    10
 -6.3712421045223178E-01 a        56     0     4     1    11
 -2.9258182940751426E-01 a        57     0     4     1    12
  3.6535231267441709E-01 a        58     0     4     1    13
 -3.4600161963982506E-01 a        59     0     4     1    14
  1.7123497191702679E+00 a        60     0     4     1    15
 -3.5469528899917951E-01 a        61     0     5     1     1
  2.2336686474270678E-01 a        62     0     5     1     2
 -5.2620134699526877E-01 a        63     0     5     1     3
  5.0830031965190026E-01 a        64     0     5     1     4
  2.6028005287114747E-01 a        65     0     5     1     5
 -4.5609512274030722E-01 a        66     0     5     1     6
 -7.2680360492177110E-01 a        67     0     5     1     7
  5.5785447418735934E-01 a        68     0     5     1     8
 -5.4738295764249101E-01 a        69     0     5     1     9
  9.2663451896908211E-01 a        70     0     5     1    10
 -3.6476151295317000E-01 a        71     0     5     1    11
  1.6457444702609730E-01 a        72     0     5     1    12
  7.0733884645497225E-01 a        73     0     5     1    13
 -3.8293204544384202E-02 a        74     0     5     1    14
  8.4471145805992331E-01 a        75     0     5     1    15
  6.5707197954284924E-02 a        76     0     6     1     1
 -1.8121938757826309E-01 a        77     0     6     1     2
 -8.5515602277825109E-01 a        78     0     6     1     3
 -7.4042768383179236E-01 a        79     0     6     1     4
 -6.9301611374307293E-01 a        80     0     6     1     5
  4.4279665470534812E-01 a        81     0     6     1     6
  5.0661404679857536E-01 a        82     0     6     1     7
 -2.6400400023092679E-01 a        83     0     6     1     8
  6.0349813727904889E-01 a        84     0     6     1     9
 -2.2855490854878854E-01 a        85     0     6     1    10
 -8.1585159514532490E-01 a        86     0     6     1    11
 -3.6232678453329009E-01 a        87     0     6     1    12
 -5.9576782009354468E-01 a        88     0     6     1    13
  5.4476230781860369E-01 a        89     0     6     1    14
  3.8906982597245887E-01 a        90     0     6     1    15
 -8.0038609887692247E-01 a        91     0     7     1     1
  1.0086052490354436E+00 a        92     0     7     1     2
  5.1229679591540356E-01 a        93     0     7     1     3
 -4.0362654668775694E-01 a        94     0     7     1     4
 -4.5614617243071409E-01 a        95     0     7     1     5
  7.1762004881754182E-01 a        96     0     7     1     6
  3.8014091875922629E-01 a        97     0     7     1     7
  8.6104518220794651E-02 a        98     0     7     1     8
  6.7987332177932525E-01 a        99     0     7     1     9
  6.5245052714782337E-01 a       100     0     7     1    10
 -5.0006441377502797E-01 a       101     0     7     1    11
 -8.6896159524851613E-01 a       102     0     7     1    12
 -7.0559574432176830E-01 a       103     0     7     1    13
 -5.1235600856493158E-01 a       104     0     7     1    14
 -9.9646105078115865E-01 a       105     0     7     1    15
  2.9971165182286785E-01 a       106     0     8     1     1
 -3.3090378440978996E-01 a       107     0     8     1     2
 -3.4085691163137510E-01 a       108     0     8     1     3
  1.1538602239037700E-01 a       109     0     8     1     4
 -4.3100036047636914E-01 a       110     0     8     1     5
  6.7785665546814877E-01 a       111     0     8     1     6
  6.0608046936696303E-01 a       112     0     8     1     7
 -4.2444180889503502E-01 a       113     0     8     1     8
  4.2469298467637295E-01 a       114     0     8     1     9
 -1.6574506858821245E-01 a       115     0     8     1    10
 -3.3975096085292328E-01 a       116     0     8     1    11
 -3.9218331471413292E-01 a       117     0     8     1    12
  1.0752665149535103E+00 a       118     0     8     1    13
 -6.2996328287964337E-02 a       119     0     8     1    14
 -1.0546681654022914E-01 a       120     0     8     1    15
  3.9186131742267549E-01 a       121     0     9     1     1
 -4.8076913145154526E-01 a       122     0     9     1     2
 -4.4412790179089051E-01 a       123     0     9     1     3
 -1.2146260099084212E+00 a       124     0     9     1     4
 -6.7787938187461538E-01 a       125     0     9     1     5
 -9.1918123351109760E-01 a       126     0     9     1     6
 -9.4032778563402877E-02 a       127     0     9     1     7
  8.5361672245677755E-02 a       128     0     9     1     8
 -5.4724369713013876E-01 a       129     0     9     1     9
 -3.1650459777968359E-01 a       130     0     9     1    10
  1.2869490862875546E+00 a       131     0     9     1    11
  3.2123970738942409E-02 a       132     0     9     1    12
 -1.4255130432574084E+00 a       133     0     9     1    13
 -1.7693049466870370E-01 a       134     0     9     1    14
  7.9036866909335401E-01 a       135     0     9     1    15
 -6.5221271913689771E-01 a       136     0    10     1     1
  1.5516892226278911E-01 a       137     0    10     1     2
 -1.4218183551039025E+00 a       138     0    10     1     3
 -6.2650057139592863E-01 a       139     0    10     1     4
  1.0675043659362711E+00 a       140     0    10     1     5
 -5.4189383512764955E-01 a       141     0    10     1     6
  2.7476063977818588E-01 a       142     0    10     1     7
 -1.3853590556324686E+00 a       143     0    10     1     8
  5.8565698982006337E-02 a       144     0    10     1     9
 -4.4830287691652426E-01 a       145     0    10     1    10
  4.7719732444169954E-01 a       146     0    10     1    11
 -3.5043424665328277E-01 a       147     0    10     1    12
  2.1557371731573535E-01 a       148     0    10     1    13
 -5.3485903500709302E-02 a       149     0    10     1    14
  6.0419061301982144E-02 a       150     0    10     1    15
  1.0345480066745378E+00 a       151     0    11     1     1
 -1.2724411830587268E-01 a       152     0    11     1     2
 -1.7279246881683430E+00 a       153     0    11     1     3
  5.6533968074638141E-01 a       154     0    11     1     4
  3.5072494616673944E-02 a       155     0    11     1     5
  1.7227333841482498E-03 a       156     0    11     1     6
  1.1795557615513317E+00 a       157     0    11     1     7
  3.5965124030420281E-01 a       158     0    11     1     8
  4.8182379471130621E-01 a       159     0    11     1     9
 -8.4013927945940969E-01 a       160     0    11     1    10
  3.4207250544409368E-01 a       161     0    11     1    11
  1.6382823970398266E-01 a       162     0    11     1    12
  3.8145849845354468E-01 a       163     0    11     1    13
 -3.5923163417796850E-01 a       164     0    11     1    14
 -1.2766037343881056E-01 a       165     0    11     1    15
 -6.4830870810975960E-01 a       166     0    12     1     1
 -1.9985854199438352E-01 a       167     0    12     1     2
  8.2215098313506069E-02 a       168     0    12     1     3
  2.3898357358750527E-01 a       169     0    12     1     4
 -3.3025660121094563E-01 a       170     0    12     1     5
 -1.0604076440358983E+00 a       171     0    12     1     6
 -1.9065538397818171E+00 a       172     0    12     1     7
 -2.1961152520426339E-02 a       173     0    12     1     8
 -6.7472935356785113E-02 a       174     0    12     1     9
  3.6211752780354217E-01 a       175     0    12     1    10
  6.6923444875814558E-02 a       176     0    12     1    11
 -5.1585495012783666E-01 a       177     0    12     1    12
 -3.3659209500985560E-01 a       178     0    12     1    13
 -1.1361905294124293E+00 a       179     0    12     1    14
  2.6812029668673637E-01 a       180     0    12     1    15
  1.1573477706127677E+00 a       181     0    13     1     1
 -6.6966597581450316E-01 a       182     0    13     1     2
  4.0960406592431768E+00 a       183     0    13     1     3
  3.1481829882174617E-01 a       184     0    13     1     4
  1.0006546207535241E+00 a       185     0    13     1     5
 -5.0777990646901494E-01 a       186     0    13     1     6
 -2.4788598789300731E-01 a       187     0    13     1     7
 -8.0363087998802907E-01 a       188     0    13     1     8
 -4.2799774535410412E-01 a       189     0    13     1     9
 -1.2121703576464999E+00 a       190     0    13     1    10
  6.0325364902065110E-05 a       191     0    13     1    11
  1.4286557559663642E+00 a       192     0    13     1    12
  3.8868534360140328E-01 a       193     0    13     1    13
  9.9698399974921303E-01 a       194     0    13     1    14
  8.4627968391687447E-01 a       195     0    13     1    15
 -2.9052451714841226E-01 a       196     0    14     1     1
  9.4905847870343818E-01 a       197     0    14     1     2
 -8.4949561796074891E-01 a       198     0    14     1     3
  8.6532916690225159E-01 a       199     0    14     1     4
 -3.3734940872128238E-01 a       200     0    14     1     5
 -5.2242578812983809E-01 a       201     0    14     1     6
  1.2964317180836309E+00 a       202     0    14     1     7
 -6.8679864856810269E-02 a       203     0    14     1     8
 -1.8347905075677443E-01 a       204     0    14     1     9
 -1.0037776319269166E-01 a       205     0    14     1    10
 -3.3386034881995269E-01 a       206     0    14     1    11
  3.2226643956132284E-01 a       207     0    14     1    12
  1.0554373542493130E+00 a       208     0    14     1    13
  2.4146655151934944E+00 a       209     0    14     1    14
 -1.6974150273912311E-01 a       210     0    14     1    15
 -6.5741077796168901E-01 a       211     0    15     1     1
  7.9853723887560979E-01 a       212     0    15     1     2
 -2.6716321350272048E+00 a       213     0    15     1     3
 -3.0315525263589477E-01 a       214     0    15     1     4
 -1.4394275429574035E+00 a       215     0    15     1     5
 -5.1308656852537593E-01 a       216     0    15     1     6
 -1.0826052995569142E-01 a       217     0    15     1     7
 -6.1575644919487982E-01 a       218     0    15     1     8
 -2.5894773906798479E-01 a       219     0    15     1     9
  7.9253660481836397E-01 a       220     0    15     1    10
 -9.8565856815597996E-01 a       221     0    15     1    11
 -1.9568041020188598E-01 a       222     0    15     1    12
 -5.7770963286211363E-01 a       223     0    15     1    13
  4.1035857896004203E-02 a       224     0    15     1    14
 -8.2517851892093785E-01 a       225     0    15     1    15
  3.8818442097508010E-01 a       226     0    16     1     1
 -4.2609870733537070E-01 a       227     0    16     1     2
  2.4462322949319534E-01 a       228     0    16     1     3
 -2.3068573939729606E-01 a       229     0    16     1     4
 -2.5561166558129644E-01 a       230     0    16     1     5
  6.3891775687084940E-01 a       231     0    16     1     6
 -3.2843632658702393E-01 a       232     0    16     1     7
  3.1398686149624144E-01 a       233     0    16     1     8
 -9.8469674680576880E-02 a       234     0    16     1     9
  3.6805482343283785E-01 a       235     0    16     1    10
  1.7178755703040932E-01 a       236     0    16     1    11
 -2.0719242010334399E-02 a       237     0    16     1    12
  3.7707321970064611E-01 a       238     0    16     1    13
 -5.4119617659195329E-01 a       239     0    16     1    14
  1.9217755583871490E-01 a       240     0    16     1    15
 -2.7189270545710115E-01 a       241     0    17     1     1
 -8.7899033402864313E-02 a       242     0    17     1     2
 -4.2531616101985797E-01 a       243     0    17     1     3
 -7.3965928175863827E-01 a       244     0    17     1     4
 -1.6788633023504337E-01 a       245     0    17     1     5
  1.0499535453240914E+00 a       246     0    17     1     6
 -5.7352648748532975E-01 a       247     0    17     1     7
  7.4207371029592928E-01 a       248     0    17     1     8
  9.8663183021901080E-01 a       249     0    17     1     9
  2.9186016246080299E-01 a       250     0    17     1    10
  9.7983559714498669E-01 a       251     0    17     1    11
  5.1889695215801146E-01 a       252     0    17     1    12
  9.5460086995707194E-01 a       253     0    17     1    13
  8.9967715350585253E-01 a       254     0    17     1    14
  5.7002644935312330E-01 a       255     0    17     1    15
 -4.7062044937207603E-01 a       256     0    18     1     1
  3.0254812549294605E-02 a       257     0    18     1     2
 -1.9346631485948601E-01 a       258     0    18     1     3
 -2.6537844215324302E-01 a       259     0    18     1     4
  2.0661471533758821E-01 a       260     0    18     1     5
 -8.4742600233587495E-01 a       261     0    18     1     6
  3.3889038496115304E-01 a       262     0    18     1     7
 -1.1840836903842491E+00 a       263     0    18     1     8
 -3.0294318142192145E-01 a       264     0    18     1     9
  1.0575797390467596E+00 a       265     0    18     1    10
  8.1692864885556793E-01 a       266     0    18     1    11
 -1.4389063876566968E+00 a       267     0    18     1    12
  1.4974951060400102E-01 a       268     0    18     1    13
  6.1311664969666813E-01 a       269     0    18     1    14
  1.2390059161287401E-01 a       270     0    18     1    15
  1.4625428676748040E+00 a       271     0    19     1     1
  1.1058169183203848E+00 a       272     0    19     1     2
  9.6371972942524320E-01 a       273     0    19     1     3
  2.5336838968738451E-01 a       274     0    19     1     4
 -8.8196021958621984E-01 a       275     0    19     1     5
  9.7489840395791749E-01 a       276     0    19     1     6
 -4.5990991063785969E-01 a       277     0    19     1     7
  1.0900871473415581E+00 a       278     0    19     1     8
 -1.6801864521303251E+00 a       279     0    19     1     9
 -4.1554800655187567E-02 a       280     0    19     1    10
 -1.6779660829625498E-01 a       281     0    19     1    11
  8.3671193098096230E-01 a       282     0    19     1    12
 -1.7483669648573413E-01 a       283     0    19     1    13
  3.4189920675765284E-01 a       284     0    19     1    14
 -1.6986356007793557E-01 a       285     0    19     1    15
  1.3382351524934133E+00 a       286     0    20     1     1
  5.7061490843280571E-01 a       287     0    20     1     2
 -7.2323472373198794E-01 a       288     0    20     1     3
 -8.9120654891461065E-02 a       289     0    20     1     4
 -1.0689262444753767E+00 a       290     0    20     1     5
 -1.2537691761409978E-01 a       291     0    20     1     6
 -5.4493447541493290E-01 a       292     0    20     1     7
  8.1349228361978831E-01 a       293     0    20     1     8
  5.4402700131070392E-01 a       294     0    20     1     9
 -4.6904131909704377E-01 a       295     0    20     1    10
  8.6243315972900769E-01 a       296     0    20     1    11
  2.7758842576427750E-01 a       297     0    20     1    12
  1.9226530213943136E+00 a       298     0    20     1    13
 -5.1598273181113807E-01 a       299     0    20     1    14
  2.2678862145857626E-01 a       300     0    20     1    15
  4.4373228723437586E-01 a       301     0    21     1     1
 -2.6833291738907017E-01 a       302     0    21     1     2
 -6.3513420757424366E-01 a       303     0    21     1     3
 -2.6259449780179325E-02 a       304     0    21     1     4
 -2.9654557775339585E-01 a       305     0    21     1     5
 -6.8137415966543280E-01 a       306     0    21     1     6
  4.7795558440163460E-01 a       307     0    21     1     7
 -1.0109654165783390E+00 a       308     0    21     1     8
  3.3177957063471059E-01 a       309     0    21     1     9
  1.0940006748915798E-01 a       310     0    21     1    10
 -5.2535953719029760E-01 a       311     0    21     1    11
 -6.9353125255809800E-01 a       312     0    21     1    12
 -6.5292669341045950E-01 a       313     0    21     1    13
 -2.7496805573932243E-01 a       314     0    21     1    14
 -1.2292773563107919E+00 a       315     0    21     1    15
 -5.3501978225098057E-01 a       316     0    22     1     1
  5.7673684955942106E-01 a       317     0    22     1     2
  3.9322083538978220E-01 a       318     0    22     1     3
  6.1808735462695130E-01 a       319     0    22     1     4
 -2.3898327379374612E-01 a       320     0    22     1     5
  1.8663536723255444E-01 a       321     0    22     1     6
 -3.5875945745362403E-01 a       322     0    22     1     7
 -2.6939818313467440E-02 a       323     0    22     1     8
 -4.1711231288523792E-01 a       324     0    22     1     9
  2.6170437819419294E-02 a       325     0    22     1    10
  3.1272112991079881E-01 a       326     0    22     1    11
 -6.6035066656004016E-01 a       327     0    22     1    12
 -2.2409983153067892E-01 a       328     0    22     1    13
 -1.5594705595234512E-01 a       329     0    22     1    14
  1.5249464944195706E-01 a       330     0    22     1    15
 -8.6182688850849773E-02 a       331     0    23     1     1
 -5.0220526002636590E-01 a       332     0    23     1     2
 -5.5118639897717348E-01 a       333     0    23     1     3
  2.7125465732008869E-01 a       334     0    23     1     4
 -3.8304854198868882E-01 a       335     0    23     1     5
  4.8101351852742047E-01 a       336     0    23     1     6
  1.3970514959594355E-01 a       337     0    23     1     7
  1.9317450770069974E-01 a       338     0    23     1     8
  9.4400123472643802E-02 a       339     0    23     1     9
  6.9250497273332401E-01 a       340     0    23     1    10
 -2.6508192972579636E-01 a       341     0    23     1    11
 -2.2586010276787505E-01 a       342     0    23     1    12
  1.4951992729114497E-01 a       343     0    23     1    13
 -2.6093618870169533E-01 a       344     0    23     1    14
 -1.5277888270280973E-01 a       345     0    23     1    15
 -1.4518022134321457E-01 a       346     0    24     1     1
  3.7555819945628266E-01 a       347     0    24     1     2
  1.9473651034749009E-01 a       348     0    24     1     3
  8.5792387635463396E-01 a       349     0    24     1     4
  7.2645337970528467E-01 a       350     0    24     1     5
  4.2413675500981757E-01 a       351     0    24     1     6
  4.7700893663556493E-01 a       352     0    24     1     7
  4.3499369619692330E-01 a       353     0    24     1     8
 -3.0471797134439199E-01 a       354     0    24     1     9
 -4.3457420297888139E-01 a       355     0    24     1    10
 -1.7491730848953532E-01 a       356     0    24     1    11
  1.9892256149646897E-01 a       357     0    24     1    12
 -1.7871444487143023E-01 a       358     0    24     1    13
  4.6300965340880745E-01 a       359     0    24     1    14
  4.3337907448321450E-01 a       360     0    24     1    15
 -7.6604765029949828E-01 a       361     0    25     1     1
  8.5628113716028853E-01 a       362     0    25     1     2
 -1.2907026069458669E+00 a       363     0    25     1     3
 -5.5583960938982740E-02 a       364     0    25     1     4
  1.2415769206828955E-02 a       365     0    25     1     5
  7.5943985047791751E-01 a       366     0    25     1     6
 -3.5646646290248751E-01 a       367     0    25     1     7
 -5.8670945483386538E-01 a       368     0    25     1     8
  7.6339236989246062E-01 a       369     0    25     1     9
 -1.8161292698611425E-01 a       370     0    25     1    10
  5.5417317265974064E-01 a       371     0    25     1    11
 -9.4264590689412076E-01 a       372     0    25     1    12
 -7.6836221073132804E-01 a       373     0    25     1    13
  1.4497173524651980E-01 a       374     0    25     1    14
 -7.6220872802206552E-01 a       375     0    25     1    15
  6.2575580376011697E-01 a       376     0    26     1     1
 -3.3159817522045854E-01 a       377     0    26     1     2
 -4.8877332467448653E-01 a       378     0    26     1     3
 -1.8566631155487490E-01 a       379     0    26     1     4
 -6.0454811680269938E-01 a       380     0    26     1     5
  3.9050240450849094E-01 a       381     0    26     1     6
  5.5695019619143649E-01 a       382     0    26     1     7
 -1.2343224434391514E-01 a       383     0    26     1     8
 -3.3054222789811100E-01 a       384     0    26     1     9
 -3.1767871644913676E-01 a       385     0    26     1    10
 -1.7268898706621533E-01 a       386     0    26     1    11
  3.0918264222826591E-01 a       387     0    26     1    12
  1.9854008553844452E-01 a       388     0    26     1    13
 -6.2844310085308397E-01 a       389     0    26     1    14
 -3.0504281934031416E-02 a       390     0    26     1    15
  1.9718386562295173E-01 a       391     0    27     1     1
  2.1405173864582969E-01 a       392     0    27     1     2
  1.7344832638883376E-01 a       393     0    27     1     3
 -5.7481059060763784E-01 a       394     0    27     1     4
  1.5410156509422668E-02 a       395     0    27     1     5
  9.5100009833983568E-01 a       396     0    27     1     6
 -4.3897503905281310E-01 a       397     0    27     1     7
 -6.1255843894566631E-01 a       398     0    27     1     8
 -2.4033578182888710E-01 a       399     0    27     1     9
 -1.0161020047182552E-01 a       400     0    27     1    10
 -9.7048869363365944E-02 a       401     0    27     1    11
 -1.2780068674633223E-02 a       402     0    27     1    12
 -2.7586610310681525E-01 a       403     0    27     1    13
 -1.5530692769978610E-01 a       404     0    27     1    14
  6.2661294074714402E-01 a       405     0    27     1    15
 -1.2229507435574151E-01 a       406     0    28     1     1
  1.0858496062436092E-01 a       407     0    28     1     2
 -9.2625659574419106E-01 a       408     0    28     1     3
 -5.7933948745859942E-01 a       409     0    28     1     4
 -1.7162347887254049E-02 a       410     0    28     1     5
 -3.6794555909329973E-01 a       411     0    28     1     6
  2.4977724971366383E-01 a       412     0    28     1     7
  3.8519400119453900E-01 a       413     0    28     1     8
 -3.4914916750744063E-01 a       414     0    28     1     9
  7.0943935729933782E-01 a       415     0    28     1    10
  5.8550516446673895E-01 a       416     0    28     1    11
 -2.1359907726863275E-01 a       417     0    28     1    12
  7.5272472277487568E-01 a       418     0    28     1    13
  2.5616530938085347E-01 a       419     0    28     1    14
 -2.3201589962812919E-01 a       420     0    28     1    15
 -1.0037318623893812E+00 a       421     0    29     1     1
 -4.4310127323384663E-01 a       422     0    29     1     2
  8.1335049137317628E-01 a       423     0    29     1     3
  8.7782086446800522E-01 a       424     0    29     1     4
  1.6092149012823849E+00 a       425     0    29     1     5
  8.1237338962909009E-02 a       426     0    29     1     6
  1.2476667035323983E+00 a       427     0    29     1     7
 -8.3270643901873354E-01 a       428     0    29     1     8
 -5.3832712693025386E-01 a       429     0    29     1     9
 -6.1163879049258385E-01 a       430     0    29     1    10
  6.6008849873316344E-02 a       431     0    29     1    11
 -1.7231475891074230E+00 a       432     0    29     1    12
 -1.8895502934229362E+00 a       433     0    29     1    13
 -7.5123716256804307E-01 a       434     0    29     1    14
 -2.1916304952756019E-01 a       435     0    29     1    15
 -2.7568623894311489E-01 a       436     0    30     1     1
 -1.1877503383599441E-01 a       437     0    30     1     2
 -7.2061080104975514E-02 a       438     0    30     1     3
 -2.2420929063109885E-01 a       439     0    30     1     4
  5.6529284883522612E-01 a       440     0    30     1     5
 -1.3948835104921398E+00 a       441     0    30     1     6
 -6.7019761624473362E-01 a       442     0    30     1     7
  4.1557897119822029E-01 a       443     0    30     1     8
  4.7016077955601149E-01 a       444     0    30     1     9
  2.2171531590117147E-01 a       445     0    30     1    10
  2.9111053165175133E-01 a       446     0    30     1    11
  8.7345444251662041E-01 a       447     0    30     1    12
 -1.0273694085821350E+00 a       448     0    30     1    13
 -1.0901792723965615E+00 a       449     0    30     1    14
 -1.1696652769192066E-01 a       450     0    30     1    15
  5.3613301526785451E-01 a       451     0    31     1     1
  5.0409389175090202E-01 a       452     0    31     1     2
 -5.9278910939322504E-01 a       453     0    31     1     3
 -1.6185905780148174E-01 a       454     0    31     1     4
 -2.8905966830545782E-01 a       455     0    31     1     5
 -2.3697494901217658E-01 a       456     0    31     1     6
 -9.7156729117043483E-02 a       457     0    31     1     7
  1.0174207683128443E-01 a       458     0    31     1     8
  4.2199818127358402E-02 a       459     0    31     1     9
  9.5838236669090582E-01 a       460     0    31     1    10
 -7.4467419459532969E-01 a       461     0    31     1    11
  5.3208090941707187E-01 a       462     0    31     1    12
 -1.1872048625470542E+00 a       463     0    31     1    13
  5.6479441765559890E-01 a       464     0    31     1    14
  6.2158387563396911E-01 a       465     0    31     1    15
  8.7182903762698993E-02 a       466     0    32     1     1
 -5.5256901171561901E-01 a       467     0    32     1     2
  9.1021659883680328E-01 a       468     0    32     1     3
 -5.1275858266490382E-01 a       469     0    32     1     4
 -1.7630714922840292E-02 a       470     0    32     1     5
 -3.5172370827886645E-01 a       471     0    32     1     6
  5.8622500765882690E-01 a       472     0    32     1     7
 -6.1651480352911670E-01 a       473     0    32     1     8
 -5.7782726144616514E-01 a       474     0    32     1     9
  1.4045068998282001E-01 a       475     0    32     1    10
 -5.0111267613192190E-01 a       476     0    32     1    11
  3.9434961198628736E-02 a       477     0    32     1    12
 -8.3722782948392671E-01 a       478     0    32     1    13
  5.2312833765097877E-01 a       479     0    32     1    14
  3.4319186189463425E-03 a       480     0    32     1    15
  3.5588798727898824E-01 a       481     0    33     1     1
  4.2084847604142095E-01 a       482     0    33     1     2
  1.0233955611346586E+00 a       483     0    33     1     3
 -2.0279704200705126E-01 a       484     0    33     1     4
 -1.2736145062774643E-01 a       485     0    33     1     5
  7.6503682615392143E-01 a       486     0    33     1     6
  4.3329642597133407E-02 a       487     0    33     1     7
  1.8536940551291339E+00 a       488     0    33     1     8
 -7.5003760623984594E-01 a       489     0    33     1     9
 -6.8378292353935022E-01 a       490     0    33     1    10
  6.1177029327486110E-01 a       491     0    33     1    11
  6.5720743717970997E-01 a       492     0    33     1    12
 -2.0905444910603872E-02 a       493     0    33     1    13
  2.3107620491238898E-01 a       494     0    33     1    14
  2.1162019693736084E-01 a       495     0    33     1    15
 -2.5920513465984846E-01 a       496     0    34     1     1
 -1.0414719390976022E+00 a       497     0    34     1     2
 -1.2829180003026746E+00 a       498     0    34     1     3
  4.9254169402367798E-01 a       499     0    34     1     4
 -1.9001445236196007E-01 a       500     0    34     1     5
 -2.2482827671140487E-02 a       501     0    34     1     6
  1.3596551858658819E+00 a       502     0    34     1     7
 -3.6843217585683941E-01 a       503     0    34     1     8
 -2.7696126247281233E-01 a       504     0    34     1     9
 -1.4866821870171903E-01 a       505     0    34     1    10
 -3.9979070310786963E-01 a       506     0    34     1    11
 -6.8081452289082933E-01 a       507     0    34     1    12
  3.7508968395537051E-01 a       508     0    34     1    13
 -5.4830922373545421E-02 a       509     0    34     1    14
 -6.4521169874406281E-01 a       510     0    34     1    15
 -1.4431480472473399E-01 a       511     0    35     1     1
  1.1625002690046080E+00 a       512     0    35     1     2
  7.3580455610643269E-01 a       513     0    35     1     3
 -2.0141602987765306E-01 a       514     0    35     1     4
 -2.0518632378560236E-01 a       515     0    35     1     5
 -7.3850723339700863E-01 a       516     0    35     1     6
 -4.9980961994739598E-01 a       517     0    35     1     7
 -5.6108576098547402E-01 a       518     0    35     1     8
 -8.7280062516902679E-01 a       519     0    35     1     9
 -5.0614851349213497E-01 a       520     0    35     1    10
 -5.3697452057017514E-01 a       521     0    35     1    11
  8.9869173915738609E-01 a       522     0    35     1    12
  4.2837310373799953E-01 a       523     0    35     1    13
  8.6494201361920348E-02 a       524     0    35     1    14
 -4.6935240697148295E-01 a       525     0    35     1    15
 -3.1367098562942153E-01 a       526     0    36     1     1
 -4.3175770403156405E-01 a       527     0    36     1     2
 -3.1139455797224441E-01 a       528     0    36     1     3
 -7.5646892029037993E-01 a       529     0    36     1     4
 -3.5422837962985981E-01 a       530     0    36     1     5
 -1.8229300431427317E-01 a       531     0    36     1     6
 -8.7438732308960332E-01 a       532     0    36     1     7
 -3.8903740200515813E-01 a       533     0    36     1     8
  3.5741338094016661E-01 a       534     0    36     1     9
 -6.9691825805367791E-01 a       535     0    36     1    10
 -3.9493874858764694E-01 a       536     0    36     1    11
  3.3556672819693589E-01 a       537     0    36     1    12
  5.0729792171366261E-01 a       538     0    36     1    13
 -2.8537369021867592E-01 a       539     0    36     1    14
 -1.0722541743566427E-01 a       540     0    36     1    15
 -7.0084101582856273E-01 a       541     0    37     1     1
 -7.1070426226267835E-01 a       542     0    37     1     2
  4.1433220542156246E-01 a       543     0    37     1     3
 -6.1649048460649647E-01 a       544     0    37     1     4
  7.0887750908795588E-01 a       545     0    37     1     5
 -2.6973937610962462E-01 a       546     0    37     1     6
 -6.0341894708867905E-01 a       547     0    37     1     7
  1.3887663682800464E+00 a       548     0    37     1     8
  5.5629341690097200E-02 a       549     0    37     1     9
  1.0537996224418689E-01 a       550     0    37     1    10
  4.4511039435060928E-01 a       551     0    37     1    11
  1.0291694885487854E+00 a       552     0    37     1    12
  6.4114348695761914E-01 a       553     0    37     1    13
 -3.3591597037546973E-02 a       554     0    37     1    14
  5.9022089547214796E-01 a       555     0    37     1    15
 -1.2252996946725880E+00 a       556     0    38     1     1
  5.7684991529272600E-01 a       557     0    38     1     2
  8.6077758547511896E-01 a       558     0    38     1     3
 -1.0798919734164994E-01 a       559     0    38     1     4
  9.4360207009856767E-01 a       560     0    38     1     5
  1.5298586890021513E+00 a       561     0    38     1     6
 -8.6215701326701333E-01 a       562     0    38     1     7
 -1.0009283663214608E+00 a       563     0    38     1     8
 -3.3415408994117275E-02 a       564     0    38     1     9
  9.3541840935688669E-01 a       565     0    38     1    10
 -4.5036728511592544E-01 a       566     0    38     1    11
 -2.4724264506787069E-01 a       567     0    38     1    12
 -1.0125704907146034E+00 a       568     0    38     1    13
  3.5176285163466831E-01 a       569     0    38     1    14
 -8.4514729383878762E-01 a       570     0    38     1    15
 -2.7900837607683421E-01 a       571     0    39     1     1
 -3.8998027460950302E-01 a       572     0    39     1     2
 -4.8186024626972113E-01 a       573     0    39     1     3
  3.9483429774531346E-03 a       574     0    39     1     4
  2.6472603655606569E-01 a       575     0    39     1     5
  1.5734473004123669E-02 a       576     0    39     1     6
  3.3126746828825732E-01 a       577     0    39     1     7
  5.7970280592499157E-01 a       578     0    39     1     8
  3.8896919856955980E-01 a       579     0    39     1     9
  1.5914894430918611E-01 a       580     0    39     1    10
  1.2673775095013803E-01 a       581     0    39     1    11
 -2.5745624385803151E-01 a       582     0    39     1    12
 -2.2680835685715778E-01 a       583     0    39     1    13
 -1.1179002951853072E-01 a       584     0    39     1    14
 -3.0192209063762038E-01 a       585     0    39     1    15
 -5.8251340298857723E-01 a       586     0    40     1     1
 -4.4327643785073939E-01 a       587     0    40     1     2
  1.2024327443666745E+00 a       588     0    40     1     3
  3.5382126159766247E-01 a       589     0    40     1     4
  1.7394184568997370E-01 a       590     0    40     1     5
 -4.5082392181564485E-01 a       591     0    40     1     6
  6.9167953283773209E-03 a       592     0    40     1     7
 -4.8164103833473604E-01 a       593     0    40     1     8
  3.0289578227462166E-01 a       594     0    40     1     9
 -6.7338588228743101E-01 a       595     0    40     1    10
 -4.4604733318631545E-01 a       596     0    40     1    11
  2.3964366255577055E-01 a       597     0    40     1    12
  1.0176147941450103E-01 a       598     0    40     1    13
 -4.8216355264952071E-01 a       599     0    40     1    14
 -2.5719054676908376E-01 a       600     0    40     1    15
  2.6242427004419361E-01 a       601     0    41     1     1
  6.6146232465284127E-01 a       602     0    41     1     2
 -9.3980337322334162E-01 a       603     0    41     1     3
  1.5353410319611921E-01 a       604     0    41     1     4
 -7.4711331767101219E-01 a       605     0    41     1     5
  7.2664396170912193E-02 a       606     0    41     1     6
 -1.1133318756279074E+00 a       607     0    41     1     7
  1.0571123932790445E-01 a       608     0    41     1     8
 -2.4733476908746336E-02 a       609     0    41     1     9
 -2.5591203553205283E-01 a       610     0    41     1    10
 -7.0700789446219081E-01 a       611     0    41     1    11
  1.0043318806975932E+00 a       612     0    41     1    12
  1.7481282596624959E-01 a       613     0    41     1    13
 -2.5850604422768586E-01 a       614     0    41     1    14
  7.0551352463891537E-01 a       615     0    41     1    15
 -4.5959257110865137E-01 a       616     0    42     1     1
  2.8469389275818874E-01 a       617     0    42     1     2
  2.5002429461127429E-01 a       618     0    42     1     3
 -1.9107057856810036E-01 a       619     0    42     1     4
 -2.9860229465824517E-01 a       620     0    42     1     5
  5.5993415095264842E-01 a       621     0    42     1     6
 -4.5045085103090306E-02 a       622     0    42     1     7
  1.1085756038115439E-01 a       623     0    42     1     8
 -1.9747620904882371E-01 a       624     0    42     1     9
  1.8424431956543193E-02 a       625     0    42     1    10
 -3.5050397211916134E-01 a       626     0    42     1    11
 -1.0356644336209335E+00 a       627     0    42     1    12
  8.7924431300425376E-01 a       628     0    42     1    13
  1.8316124327675489E+00 a       629     0    42     1    14
 -6.9289808069781278E-01 a       630     0    42     1    15
  3.9800915884806742E-01 a       631     0    43     1     1
 -5.4202373217253819E-01 a       632     0    43     1     2
  4.3253087898493103E-01 a       633     0    43     1     3
  9.3341801484295703E-02 a       634     0    43     1     4
 -8.5396011719206188E-01 a       635     0    43     1     5
 -3.3581171699344181E-01 a       636     0    43     1     6
 -1.5081201291911780E-01 a       637     0    43     1     7
  2.4075780015619069E-01 a       638     0    43     1     8
 -1.4904097022068630E-01 a       639     0    43     1     9
  1.5689868775709698E-01 a       640     0    43     1    10
  4.8885735237474570E-01 a       641     0    43     1    11
  1.3398124889494661E-01 a       642     0    43     1    12
  1.0024313544734293E+00 a       643     0    43     1    13
  3.8934792979500776E-01 a       644     0    43     1    14
  2.5993153013127063E-01 a       645     0    43     1    15
 -2.2089244537303043E-02 a       646     0    44     1     1
  3.4396782156561317E-01 a       647     0    44     1     2
 -2.2753073712009089E-01 a       648     0    44     1     3
  4.9585102792751062E-01 a       649     0    44     1     4
 -6.0301881418214087E-01 a       650     0    44     1     5
  1.8975760041935541E-01 a       651     0    44     1     6
 -5.3500168018792627E-01 a       652     0    44     1     7
  3.8957804313368227E-01 a       653     0    44     1     8
  1.5850085010696520E-02 a       654     0    44     1     9
 -2.7409696859318915E-02 a       655     0    44     1    10
 -5.7918083586033098E-01 a       656     0    44     1    11
  6.6363602528657761E-01 a       657     0    44     1    12
  3.7666190694933505E-01 a       658     0    44     1    13
 -1.7627480672734563E-01 a       659     0    44     1    14
 -6.6222606233183512E-01 a       660     0    44     1    15
  1.1547658773479164E+00 a       661     0    45     1     1
 -2.9366798523836030E-01 a       662     0    45     1     2
 -1.8044743090801213E-01 a       663     0    45     1     3
  2.4232403901420677E-01 a       664     0    45     1     4
  2.9179806560672705E-01 a       665     0    45     1     5
  3.7643813584579783E-01 a       666     0    45     1     6
  4.2648283195006170E-01 a       667     0    45     1     7
 -7.3867448537815050E-01 a       668     0    45     1     8
  1.5593798276481027E-01 a       669     0    45     1     9
 -9.4578811560763282E-02 a       670     0    45     1    10
 -9.0809364850804722E-02 a       671     0    45     1    11
  3.7332642779878750E-01 a       672     0    45     1    12
  9.3106945305519484E-01 a       673     0    45     1    13
 -5.9648738184520833E-01 a       674     0    45     1    14
 -2.3222552737848101E-01 a       675     0    45     1    15
 -3.3539326041697493E-01 a       676     0    46     1     1
  1.4380467178348022E-01 a       677     0    46     1     2
  4.4162347695574078E-01 a       678     0    46     1     3
 -3.8195109982972536E-01 a       679     0    46     1     4
  1.5866249726946915E-01 a       680     0    46     1     5
 -5.5730693613579985E-01 a       681     0    46     1     6
 -2.8565097478354418E-01 a       682     0    46     1     7
  8.9681779467827794E-01 a       683     0    46     1     8
  8.5822159118079766E-01 a       684     0    46     1     9
  6.6175977335506342E-01 a       685     0    46     1    10
  2.5488654931304250E-01 a       686     0    46     1    11
 -3.0178914939133822E-01 a       687     0    46     1    12
 -1.1693418537955163E+00 a       688     0    46     1    13
 -1.3926876828069887E+00 a       689     0    46     1    14
  6.2092582507211135E-02 a       690     0    46     1    15
  4.1647358433165799E-01 a       691     0    47     1     1
 -5.8779508818577020E-01 a       692     0    47     1     2
 -2.6960132165508172E-01 a       693     0    47     1     3
 -3.2313539606741570E-01 a       694     0    47     1     4
  5.2175050085097996E-01 a       695     0    47     1     5
  7.9286602475603096E-01 a       696     0    47     1     6
  1.4890326595447870E-01 a       697     0    47     1     7
  6.0490639347538799E-01 a       698     0    47     1     8
  5.7396470793247700E-01 a       699     0    47     1     9
  1.1668399362400234E-01 a       700     0    47     1    10
  1.8003558461770399E-02 a       701     0    47     1    11
 -5.9143018521995572E-01 a       702     0    47     1    12
 -6.2211081389010781E-01 a       703     0    47     1    13
  4.5560015319542777E-02 a       704     0    47     1    14
 -1.9713846476032329E-01 a       705     0    47     1    15
 -7.6238318356810397E-01 a       706     0    48     1     1
  9.9805816817233772E-02 a       707     0    48     1     2
  1.2747182040125329E-01 a       708     0    48     1     3
 -2.6992944648101685E-02 a       709     0    48     1     4
 -5.4094463588041319E-02 a       710     0    48     1     5
  1.7863268174835067E-01 a       711     0    48     1     6
  3.9912760713631612E-01 a       712     0    48     1     7
 -1.6450905615297723E-01 a       713     0    48     1     8
 -1.7165024101414764E-01 a       714     0    48     1     9
  1.0106754302091867E+00 a       715     0    48     1    10
  8.5787618612874747E-02 a       716     0    48     1    11
 -3.6006353562522492E-01 a       717     0    48     1    12
  7.0927390923226552E-01 a       718     0    48     1    13
  1.5786002237062519E-02 a       719     0    48     1    14
 -3.7518132466481974E-01 a       720     0    48     1    15
 -5.5218131206704435E-01 a       721     0    49     1     1
  1.2171724982505018E-01 a       722     0    49     1     2
 -3.1919799576251677E-02 a       723     0    49     1     3
  7.9446196187193330E-01 a       724     0    49     1     4
 -5.8096643695285843E-01 a       725     0    49     1     5
 -4.3151897071517331E-01 a       726     0    49     1     6
  4.6620832163329157E-01 a       727     0    49     1     7
  5.5973292875946612E-01 a       728     0    49     1     8
 -3.1927020966107694E-01 a       729     0    49     1     9
 -5.2634066995695894E-01 a       730     0    49     1    10
 -9.9647552078479384E-01 a       731     0    49     1    11
 -1.3264750532369982E-01 a       732     0    49     1    12
  5.0545589399304747E-01 a       733     0    49     1    13
 -4.0353572576120200E-01 a       734     0    49     1    14
  1.8208933615780742E-01 a       735     0    49     1    15
 -4.8842344018266315E-01 a       736     0    50     1     1
  1.7527203551317899E-02 a       737     0    50     1     2
 -5.4645131771581956E-01 a       738     0    50     1     3
 -1.9274298997823697E-01 a       739     0    50     1     4
 -3.4103811593760869E-01 a       740     0    50     1     5
 -1.0266098108096493E+00 a       741     0    50     1     6
 -1.9265168241934585E-01 a       742     0    50     1     7
  2.3431134278312765E-01 a       743     0    50     1     8
  3.3315858724005006E-02 a       744     0    50     1     9
  3.0979143329254366E-01 a       745     0    50     1    10
 -2.8691545299055755E-02 a       746     0    50     1    11
 -5.4732095326421060E-01 a       747     0    50     1    12
  5.3535068401771768E-01 a       748     0    50     1    13
  1.7975422697653798E-01 a       749     0    50     1    14
  6.8809039700383345E-01 a       750     0    50     1    15
 -6.9400807730711589E-01 a       751     0    51     1     1
  1.8197812259107615E-01 a       752     0    51     1     2
  2.1647863009413928E-01 a       753     0    51     1     3
  3.8712113827892752E-01 a       754     0    51     1     4
 -5.3737956472784099E-01 a       755     0    51     1     5
 -3.7363313147662125E-01 a       756     0    51     1     6
 -1.6411605282010772E-01 a       757     0    51     1     7
 -7.1628263116402902E-01 a       758     0    51     1     8
 -2.1162343455549662E-01 a       759     0    51     1     9
  5.1612075044694797E-02 a       760     0    51     1    10
 -1.8728617716349352E-01 a       761     0    51     1    11
  6.8601107446220180E-02 a       762     0    51     1    12
 -5.2006281280202771E-01 a       763     0    51     1    13
  3.1499487659261732E-01 a       764     0    51     1    14
  6.7508005820114447E-01 a       765     0    51     1    15
  1.7817279245683793E-01 a       766     0    52     1     1
  2.4605437293837570E-01 a       767     0    52     1     2
 -2.6176265077247446E-01 a       768     0    52     1     3
  4.2072789637480096E-01 a       769     0    52     1     4
  2.8449320116292248E-01 a       770     0    52     1     5
  7.6548980360609464E-01 a       771     0    52     1     6
 -8.2557259226785903E-02 a       772     0    52     1     7
 -6.4090584360585331E-02 a       773     0    52     1     8
 -4.3723873909692137E-02 a       774     0    52     1     9
  3.8892478090030402E-01 a       775     0    52     1    10
  4.1714407386267160E-01 a       776     0    52     1    11
  3.4118836978763406E-01 a       777     0    52     1    12
 -3.1343786740032348E-01 a       778     0    52     1    13
  1.4967503169708071E-01 a       779     0    52     1    14
  6.1102624329957456E-01 a       780     0    52     1    15
 -2.7615513523214102E-01 a       781     0    53     1     1
 -1.3560429331281282E-01 a       782     0    53     1     2
  6.4523885220503985E-01 a       783     0    53     1     3
 -1.4197009256034485E-01 a       784     0    53     1     4
 -2.2928834581836149E-01 a       785     0    53     1     5
  5.0356021642331439E-01 a       786     0    53     1     6
  2.4132576376528334E-01 a       787     0    53     1     7
  2.1364527309403342E-01 a       788     0    53     1     8
 -3.7867207581113310E-02 a       789     0    53     1     9
  2.6064360085980409E-02 a       790     0    53     1    10
 -2.5670333461879694E-02 a       791     0    53     1    11
 -1.7645354147483372E-01 a       792     0    53     1    12
  1.8140135085227690E-01 a       793     0    53     1    13
  1.7536026301735147E-01 a       794     0    53     1    14
 -7.6350118815714652E-01 a       795     0    53     1    15
  4.6525971424787461E-02 a       796     0    54     1     1
 -1.3213773489135996E-01 a       797     0    54     1     2
 -1.5098660686226886E-01 a       798     0    54     1     3
  5.6051631236883039E-02 a       799     0    54     1     4
  9.5495760956805772E-02 a       800     0    54     1     5
  3.3920418094977245E-01 a       801     0    54     1     6
  1.9833216924178421E-01 a       802     0    54     1     7
  3.3672102440269919E-01 a       803     0    54     1     8
  4.6856728444892283E-02 a       804     0    54     1     9
 -1.2894365247015865E-01 a       805     0    54     1    10
  8.0695373488852265E-02 a       806     0    54     1    11
 -1.0424628714318630E-01 a       807     0    54     1    12
  2.1497896948848438E-01 a       808     0    54     1    13
 -7.2062722413748381E-01 a       809     0    54     1    14
  1.8364773499465119E-02 a       810     0    54     1    15
 -5.5181590062987373E-01 a       811     0    55     1     1
  2.0146078585217583E-01 a       812     0    55     1     2
 -1.5413353684676384E-01 a       813     0    55     1     3
 -2.4110329334486641E-01 a       814     0    55     1     4
 -3.5698153213911488E-01 a       815     0    55     1     5
  5.4665482112244757E-01 a       816     0    55     1     6
 -9.1044858524104710E-02 a       817     0    55     1     7
  3.5571359868861879E-01 a       818     0    55     1     8
  1.8934318591965349E-01 a       819     0    55     1     9
  6.4031165227545636E-02 a       820     0    55     1    10
 -7.2588003355276787E-01 a       821     0    55     1    11
 -3.7678514812932973E-01 a       822     0    55     1    12
  8.0978324214238923E-02 a       823     0    55     1    13
 -2.5505814752043249E-01 a       824     0    55     1    14
 -7.9106508130805497E-01 a       825     0    55     1    15
  2.0698317629053171E-02 a       826     0    56     1     1
 -8.8448017358292219E-02 a       827     0    56     1     2
 -2.3611932198311025E-01 a       828     0    56     1     3
 -5.2380995390394647E-01 a       829     0    56     1     4
  7.4405965956935738E-01 a       830     0    56     1     5
  7.6969340607860627E-03 a       831     0    56     1     6
 -1.3894291391206579E-01 a       832     0    56     1     7
 -5.8493169055480541E-02 a       833     0    56     1     8
  3.1633886264795477E-02 a       834     0    56     1     9
  2.4497975036526193E-01 a       835     0    56     1    10
  2.7787470073916337E-01 a       836     0    56     1    11
 -5.4362167984003784E-01 a       837     0    56     1    12
 -1.2809887849857998E-01 a       838     0    56     1    13
  4.1196733783188277E-02 a       839     0    56     1    14
  6.7065187639362556E-01 a       840     0    56     1    15
  5.3509168872730806E-01 a       841     0    57     1     1
  7.6949423697663166E-02 a       842     0    57     1     2
  8.2261604401275015E-02 a       843     0    57     1     3
  1.9352119524723144E-01 a       844     0    57     1     4
 -2.2111877711173256E-01 a       845     0    57     1     5
 -6.6194163818876528E-01 a       846     0    57     1     6
 -1.5547115623006857E-01 a       847     0    57     1     7
  8.5514167361083734E-02 a       848     0    57     1     8
 -2.5839029906232949E-02 a       849     0    57     1     9
  1.5176217128826985E-01 a       850     0    57     1    10
  3.9393333188068078E-02 a       851     0    57     1    11
 -5.3334077924157314E-02 a       852     0    57     1    12
 -9.8884850965040283E-01 a       853     0    57     1    13
  2.0894175278855168E-01 a       854     0    57     1    14
  3.0241425567378000E-01 a       855     0    57     1    15
 -2.5256267196260390E-01 a       856     0    58     1     1
  4.6999892099211776E-03 a       857     0    58     1     2
  2.6806452907627196E-03 a       858     0    58     1     3
 -3.6099692723865240E-01 a       859     0    58     1     4
  9.3848469067467366E-01 a       860     0    58     1     5
  2.2196647844719610E-02 a       861     0    58     1     6
  6.8707203690334829E-03 a       862     0    58     1     7
 -4.1639234396977637E-01 a       863     0    58     1     8
 -2.3656172361403024E-01 a       864     0    58     1     9
  2.5904359470713573E-01 a       865     0    58     1    10
  5.7629287262152595E-01 a       866     0    58     1    11
  6.1708366249186786E-01 a       867     0    58     1    12
 -1.2226427912397911E-01 a       868     0    58     1    13
  1.2539837712268764E-01 a       869     0    58     1    14
  1.0429703802144612E+00 a       870     0    58     1    15
 -6.2991454033247263E-01 a       871     0    59     1     1
  1.7386363222551041E-01 a       872     0    59     1     2
 -1.1804723739457725E-01 a       873     0    59     1     3
  6.1864057089014428E-02 a       874     0    59     1     4
 -7.1402882574237647E-01 a       875     0    59     1     5
 -2.9263572053823655E-01 a       876     0    59     1     6
 -1.5393251759758070E-01 a       877     0    59     1     7
 -2.6244040250474382E-01 a       878     0    59     1     8
 -1.2933122950985335E-01 a       879     0    59     1     9
 -2.8210666120296050E-02 a       880     0    59     1    10
  1.5353881315300483E-01 a       881     0    59     1    11
  1.1083474220260524E-01 a       882     0    59     1    12
  5.4782578444800656E-01 a       883     0    59     1    13
  8.2631005775330741E-03 a       884     0    59     1    14
  4.9193840088347301E-01 a       885     0    59     1    15
  7.8752907806018635E-01 a       886     0    60     1     1
  1.3287888953135270E-02 a       887     0    60     1     2
 -8.6193812869560238E-03 a       888     0    60     1     3
  7.3746489623240624E-02 a       889     0    60     1     4
 -5.7463743197139448E-02 a       890     0    60     1     5
  3.2416510022659668E-02 a       891     0    60     1     6
 -1.4516110940623295E-01 a       892     0    60     1     7
  3.8273802969823953E-02 a       893     0    60     1     8
  1.6114601618013726E-02 a       894     0    60     1     9
 -1.6040556828084265E-01 a       895     0    60     1    10
 -6.2662915576938552E-02 a       896     0    60     1    11
  1.3841279747056248E-01 a       897     0    60     1    12
 -2.4397593377031029E-01 a       898     0    60     1    13
  6.3522183736093071E-02 a       899     0    60     1    14
  1.2898859382872241E-01 a       900     0    60     1    15
  1.8650930160136639E-01 a       901     0    61     1     1
 -7.6224625498516616E-03 a       902     0    61     1     2
  1.0249242078172223E-01 a       903     0    61     1     3
 -3.3479719961329146E-01 a       904     0    61     1     4
  5.2100040521235746E-01 a       905     0    61     1     5
  3.7947327896185434E-01 a       906     0    61     1     6
 -8.6750286440196792E-02 a       907     0    61     1     7
 -5.7576073537197625E-01 a       908     0    61     1     8
  5.9633875688190202E-02 a       909     0    61     1     9
  4.6324035250981577E-01 a       910     0    61     1    10
  5.8695052027033678E-01 a       911     0    61     1    11
  9.2377561158153432E-02 a       912     0    61     1    12
 -9.5667725213454749E-02 a       913     0    61     1    13
  2.2003161206651600E-01 a       914     0    61     1    14
  1.3710313212637127E-02 a       915     0    61     1    15
  5.6101798968463387E-02 a       916     0    62     1     1
  8.0530901125265605E-02 a       917     0    62     1     2
  2.0353233012917255E-01 a       918     0    62     1     3
  3.2857031645601875E-01 a       919     0    62     1     4
  5.2320153641559834E-02 a       920     0    62     1     5
  4.1072496775380835E-01 a       921     0    62     1     6
  9.3960422601163454E-02 a       922     0    62     1     7
 -3.0348470362861403E-02 a       923     0    62     1     8
 -2.3484066735532864E-03 a       924     0    62     1     9
 -4.7054256584963960E-01 a       925     0    62     1    10
  1.2603307611811157E-01 a       926     0    62     1    11
  2.4266152486461276E-01 a       927     0    62     1    12
 -2.5068430359765642E-01 a       928     0    62     1    13
 -1.9608042099335940E-01 a       929     0    62     1    14
 -3.6316875964874101E-01 a       930     0    62     1    15
 -6.1852461637266438E-02 a       931     0    63     1     1
 -6.0770566549888751E-02 a       932     0    63     1     2
 -1.1105472496680302E-01 a       933     0    63     1     3
 -3.3138160984132053E-01 a       934     0    63     1     4
  2.1775709082915484E-01 a       935     0    63     1     5
  5.0363375987435388E-01 a       936     0    63     1     6
 -4.8688107879464634E-02 a       937     0    63     1     7
  1.8226291101219083E-01 a       938     0    63     1     8
  9.7303066795346421E-02 a       939     0    63     1     9
  4.8651008920451023E-02 a       940     0    63     1    10
  9.9043088208102592E-02 a       941     0    63     1    11
 -1.9507669097127137E-01 a       942     0    63     1    12
 -1.6263111667314006E-01 a       943     0    63     1    13
 -1.1622586817283573E-01 a       944     0    63     1    14
 -3.1742846129629682E-01 a       945     0    63     1    15
  1.1489862897760097E+00 a       946     0    64     1     1
 -1.6722564442787372E-01 a       947     0    64     1     2
  9.2259831984449300E-02 a       948     0    64     1     3
 -2.2885184694877642E-01 a       949     0    64     1     4
 -3.5393471573691176E-01 a       950     0    64     1     5
  1.8375352198670380E-01 a       951     0    64     1     6
  1.0342228012499902E-01 a       952     0    64     1     7
 -4.8527240387825139E-02 a       953     0    64     1     8
 -5.0617080009268928E-02 a       954     0    64     1     9
 -2.0928054119308920E-01 a       955     0    64     1    10
 -1.7745041505029957E-01 a       956     0    64     1    11
 -1.5006664910500750E-01 a       957     0    64     1    12
  1.2536812555180915E-01 a       958     0    64     1    13
 -1.5402304928611070E-02 a       959     0    64     1    14
 -2.1902400411171749E-01 a       960     0    64     1    15
  5.5446258630935241E-01 b       961     1     1
  1.6726707198608995E-01 b       962     1     2
  1.1606849833788935E+00 b       963     1     3
  4.1173364614340673E-02 b       964     1     4
 -2.8312639465268546E-01 b       965     1     5
  3.6731372001196111E-02 b       966     1     6
  6.3237056057423158E-01 b       967     1     7
  3.2203923073091184E-01 b       968     1     8
  1.3135915276550908E-01 b       969     1     9
  2.2863039031299731E-01 b       970     1    10
 -8.4793097487097319E-02 b       971     1    11
 -4.0646093471611083E-01 b       972     1    12
  5.3493018267262438E-02 b       973     1    13
  4.0783319148156116E-01 b       974     1    14
  2.1306949049753259E-02 b       975     1    15
 -1.1539116971816002E-01 a       976     1     1     2     1
 -1.4730194055976456E-01 a       977     1     1     2     2
 -1.2640666461806457E-01 a       978     1     1     2     3
 -7.4918346779050779E-02 a       979     1     1     2     4
  1.1237004685231400E-01 a       980     1     1     2     5
 -2.7115101162028088E-01 a       981     1     1     2     6
 -1.0573275861282398E+00 a       982     1     1     2     7
 -1.3099793007955307E-01 a       983     1     1     2     8
  1.9483092962519005E-01 a       984     1     1     2     9
  1.2537710000905217E-01 a       985     1     1     2    10
  4.7606196259260769E-01 a       986     1     1     2    11
 -1.7773209944395510E-01 a       987     1     1     2    12
  5.7800927270223734E-01 a       988     1     1     2    13
 -3.6531508777961422E-02 a       989     1     1     2    14
 -9.2716382659310176E-02 a       990     1     1     2    15
  1.5633309289352193E+00 a       991     1     2     2     1
 -5.6576596261667667E-01 a       992     1     2     2     2
  1.4908372603776512E+00 a       993     1     2     2     3
  1.3173077650056897E-01 a       994     1     2     2     4
 -4.4110527930086585E-01 a       995     1     2     2     5
  3.8299054106571717E-01 a       996     1     2     2     6
  2.5245728827402480E-01 a       997     1     2     2     7
  8.5485175447631478E-01 a       998     1     2     2     8
 -2.1150404105805358E+00 a       999     1     2     2     9
  1.0394679209789262E+00 a      1000     1     2     2    10
  1.4200834006179870E+00 a      1001     1     2     2    11
 -1.4527157699994233E+00 a      1002     1     2     2    12
  7.1476633760980524E-01 a      1003     1     2     2    13
 -2.2932011668447014E-01 a      1004     1     2     2    14
 -1.2163621868640932E-01 a      1005     1     2     2    15
 -1.6797115512836021E+00 a      1006     1     3     2     1
  2.9647044574986553E-01 a      1007     1     3     2     2
 -1.4319377104926245E-01 a      1008     1     3     2     3
 -1.9589822022990284E+00 a      1009     1     3     2     4
 -2.3921266795804527E-01 a      1010     1     3     2     5
  1.0817004872869771E+00 a      1011     1     3     2     6
  4.8923153243646889E-01 a      1012     1     3     2     7
  5.3438533821045819E-01 a      1013     1     3     2     8
  2.5486502048761706E-01 a      1014     1     3     2     9
 -1.9928271831835825E-01 a      1015     1     3     2    10
 -9.7994820251683989E-01 a      1016     1     3     2    11
  1.3995821869240406E+00 a      1017     1     3     2    12
  1.0410488784862635E+00 a      1018     1     3     2    13
  1.1984553392772626E+00 a      1019     1     3     2    14
 -1.0523111839500658E+00 a      1020     1     3     2    15
 -2.4343547724527284E-01 a      1021     1     4     2     1
 -4.2830352174820219E-01 a      1022     1     4     2     2
 -6.7657037765966332E-01 a      1023     1     4     2     3
  1.6062776616968208E-01 a      1024     1     4     2     4
  6.1035188887627811E-01 a      1025     1     4     2     5
 -8.8171038863135449E-03 a      1026     1     4     2     6
 -7.5525205854022071E-01 a      1027     1     4     2     7
 -2.5838963031137319E-01 a      1028     1     4     2     8
  4.1907367806120710E-01 a      1029     1     4     2     9
 -1.7193370285212778E-01 a      1030     1     4     2    10
 -4.9822108425432754E-01 a      1031     1     4     2    11
 -1.4069294827909198E-01 a      1032     1     4     2    12
 -1.3815451625954218E+00 a      1033     1     4     2    13
 -3.2250504526775065E-01 a      1034     1     4     2    14
  5.4104008802298076E-01 a      1035     1     4     2    15
 -4.9325837442412541E-02 a      1036     1     5     2     1
  4.8426596470516747E-01 a      1037     1     5     2     2
 -1.3248844705224854E+00 a      1038     1     5     2     3
 -8.0455821381220693E-01 a      1039     1     5     2     4
  1.7096449658880686E-01 a      1040     1     5     2     5
  1.1656472599509364E+00 a      1041     1     5     2     6
  1.1954175519072454E+00 a      1042     1     5     2     7
  2.3872327065733673E-01 a      1043     1     5     2     8
 -6.4060514310483563E-01 a      1044     1     5     2     9
  5.1150398813787279E-01 a      1045     1     5     2    10
  1.3006175945686940E+00 a      1046     1     5     2    11
 -6.5623386549368778E-01 a      1047     1     5     2    12
 -2.8879008734893080E-01 a      1048     1     5     2    13
  4.0668712133855595E-01 a      1049     1     5     2    14
  1.3989404835233600E-02 a      1050     1     5     2    15
  6.9472583464924365E-01 a      1051     1     6     2     1
 -1.5352918410590796E-01 a      1052     1     6     2     2
  7.5080172381750465E-01 a      1053     1     6     2     3
  1.7493094101763945E-01 a      1054     1     6     2     4
 -6.3302686992237933E-01 a      1055     1     6     2     5
 -1.4964113667934292E-01 a      1056     1     6     2     6
 -4.5773766764615331E-01 a      1057     1     6     2     7
 -6.4471119595676529E-01 a      1058     1     6     2     8
  6.7665301152163915E-01 a      1059     1     6     2     9
  9.3173987573567585E-01 a      1060     1     6     2    10
  9.5118470229137475E-01 a      1061     1     6     2    11
 -8.2263764175987431E-01 a      1062     1     6     2    12
 -1.4065075118202103E-01 a      1063     1     6     2    13
 -2.8649915553366188E-02 a      1064     1     6     2    14
 -7.2248654625917919E-01 a      1065     1     6     2    15
 -1.0336166461306576E-01 a      1066     1     7     2     1
 -6.2827372078504173E-01 a      1067     1     7     2     2
 -1.9357812866890765E+00 a      1068     1     7     2     3
 -9.3505143234920166E-02 a      1069     1     7     2     4
  7.4616824863344189E-01 a      1070     1     7     2     5
 -1.2028781675586361E-01 a      1071     1     7     2     6
 -1.0484191433619363E+00 a      1072     1     7     2     7
 -9.8027231393931402E-01 a      1073     1     7     2     8
  6.2459738887701532E-01 a      1074     1     7     2     9
 -5.7800558188799145E-01 a      1075     1     7     2    10
  3.4622745356306023E-01 a      1076     1     7     2    11
 -1.0231139845127850E+00 a      1077     1     7     2    12
 -7.2733748763331574E-01 a      1078     1     7     2    13
 -1.0364424054341133E+00 a      1079     1     7     2    14
  8.4976766387953873E-01 a      1080     1     7     2    15
 -2.0813908761585551E-02 a      1081     1     8     2     1
 -4.3463551729548072E-01 a      1082     1     8     2     2
  3.6408847626605761E-01 a      1083     1     8     2     3
 -4.3396815590592014E-01 a      1084     1     8     2     4
 -3.4362600499625549E-02 a      1085     1     8     2     5
 -1.2049795909723160E+00 a      1086     1     8     2     6
 -4.5842430339910512E-01 a      1087     1     8     2     7
 -4.7425155883611264E-02 a      1088     1     8     2     8
  1.9343390987013891E-04 a      1089     1     8     2     9
  5.2229037034601700E-01 a      1090     1     8     2    10
  3.9806892092158197E-01 a      1091     1     8     2    11
  4.0963592494118289E-01 a      1092     1     8     2    12
 -9.6588025449253734E-01 a      1093     1     8     2    13
 -9.7688796445808579E-02 a      1094     1     8     2    14
 -2.2056377489438247E-01 a      1095     1     8     2    15
 -7.8679380682870712E-02 a      1096     1     9     2     1
  1.0228900404318817E+00 a      1097     1     9     2     2
  1.4694846793519651E+00 a      1098     1     9     2     3
  2.9104061511277285E-01 a      1099     1     9     2     4
 -1.3458029475094022E+00 a      1100     1     9     2     5
 -1.4072537357381889E+00 a      1101     1     9     2     6
 -2.4142676611926981E+00 a      1102     1     9     2     7
  3.7852628519556042E-01 a      1103     1     9     2     8
 -4.7900404048103706E-01 a      1104     1     9     2     9
 -1.8566306323381232E-01 a      1105     1     9     2    10
  1.0437928448576639E+00 a      1106     1     9     2    11
 -1.0607876669280021E+00 a      1107     1     9     2    12
 -2.1619184892253878E+00 a      1108     1     9     2    13
  3.7126005751861446E-01 a      1109     1     9     2    14
 -9.0840355620005186E-01 a      1110     1     9     2    15
  2.1634728299512915E-01 a      1111     1    10     2     1
  2.4365669904977694E-01 a      1112     1    10     2     2
  9.4072103047270905E-01 a      1113     1    10     2     3
 -2.2112674383171305E-01 a      1114     1    10     2     4
  1.2821229363026954E-01 a      1115     1    10     2     5
  7.0494486607566476E-01 a      1116     1    10     2     6
 -7.4230770174860558E-02 a      1117     1    10     2     7
  4.0636506326140032E-01 a      1118     1    10     2     8
 -8.1087455028948574E-01 a      1119     1    10     2     9
  5.7634573131172906E-01 a      1120     1    10     2    10
  1.4177838023598896E-01 a      1121     1    10     2    11
  1.8342017034964445E-01 a      1122     1    10     2    12
 -8.2752463416870425E-02 a      1123     1    10     2    13
  1.5335368071587241E-01 a      1124     1    10     2    14
 -3.2019361183686930E-02 a      1125     1    10     2    15
  6.4718390041252105E-01 a      1126     1    11     2     1
 -4.1257781237317243E-01 a      1127     1    11     2     2
 -4.0866386356884538E-01 a      1128     1    11     2     3
 -1.7016731962134022E-02 a      1129     1    11     2     4
  4.0802591511851088E-01 a      1130     1    11     2     5
 -2.5404679046259421E-01 a      1131     1    11     2     6
  9.4382019818114948E-01 a      1132     1    11     2     7
 -9.4258441262398729E-01 a      1133     1    11     2     8
  1.1109128871677594E+00 a      1134     1    11     2     9
  8.5428878868348812E-01 a      1135     1    11     2    10
 -4.4687664305035824E-01 a      1136     1    11     2    11
  7.7505207090097603E-02 a      1137     1    11     2    12
  1.2530418875525662E+00 a      1138     1    11     2    13
 -9.4241119971697443E-02 a      1139     1    11     2    14
  1.4619631959854967E-01 a      1140     1    11     2    15
 -5.0061662374610694E-01 a      1141     1    12     2     1
 -2.1306483186326239E-01 a      1142     1    12     2     2
  7.5734727865675933E-01 a      1143     1    12     2     3
  7.5121386292514447E-01 a      1144     1    12     2     4
  5.0547693177423203E-01 a      1145     1    12     2     5
 -6.5140167718246245E-01 a      1146     1    12     2     6
 -5.9220903601748998E-01 a      1147     1    12     2     7
 -1.0576736323324921E-01 a      1148     1    12     2     8
  7.7803416229254696E-01 a      1149     1    12     2     9
 -7.2479157031418173E-01 a      1150     1    12     2    10
  4.3469449794789972E-01 a      1151     1    12     2    11
 -4.0301556426645424E-01 a      1152     1    12     2    12
  1.3132587930732436E+00 a      1153     1    12     2    13
  2.3861139498791170E-01 a      1154     1    12     2    14
  7.6270734070907331E-01 a      1155     1    12     2    15
 -4.2140922632186661E-02 a      1156     1    13     2     1
 -5.6732321942732589E-01 a      1157     1    13     2     2
 -1.5539563104930549E+00 a      1158     1    13     2     3
 -2.2452689144354063E-01 a      1159     1    13     2     4
 -1.8092457218887390E-02 a      1160     1    13     2     5
 -1.4641681756106587E-01 a      1161     1    13     2     6
  2.0657573592216202E-01 a      1162     1    13     2     7
 -4.3140703043215950E-01 a      1163     1    13     2     8
  8.6216532239167576E-01 a      1164     1    13     2     9
  2.2071660344376385E-02 a      1165     1    13     2    10
  2.7652811835858920E-01 a      1166     1    13     2    11
 -9.9364769606847342E-02 a      1167     1    13     2    12
  4.9692314778116176E-01 a      1168     1    13     2    13
 -4.5333964539845545E-01 a      1169     1    13     2    14
 -2.3875951971320039E-01 a      1170     1    13     2    15
  6.7764391867839457E-01 a      1171     1    14     2     1
 -7.0047625832975735E-01 a      1172     1    14     2     2
 -6.7961228035690335E-01 a      1173     1    14     2     3
  1.0376468191672927E+00 a      1174     1    14     2     4
 -6.0063522782470746E-01 a      1175     1    14     2     5
 -1.0484922333693323E+00 a      1176     1    14     2     6
 -1.1025219708704257E+00 a      1177     1    14     2     7
 -5.9462236472925767E-01 a      1178     1    14     2     8
  4.7095200654425801E-01 a      1179     1    14     2     9
 -5.0672895557477571E-01 a      1180     1    14     2    10
 -1.6114318695615978E-01 a      1181     1    14     2    11
 -1.2277185124420107E+00 a      1182     1    14     2    12
 -3.0730747842348638E-01 a      1183     1    14     2    13
 -6.2889399285307457E-01 a      1184     1    14     2    14
 -1.0494991672741130E-01 a      1185     1    14     2    15
  1.4867161959229974E-01 a      1186     1    15     2     1
 -5.9124024497228056E-01 a      1187     1    15     2     2
 -5.7263132716647980E-01 a      1188     1    15     2     3
 -3.1166006971185267E-02 a      1189     1    15     2     4
  1.5473040876620908E-01 a      1190     1    15     2     5
  5.9988546541202492E-01 a      1191     1    15     2     6
  1.0347774242552541E+00 a      1192     1    15     2     7
 -2.5119984137646875E-02 a      1193     1    15     2     8
  5.2093311914250495E-01 a      1194     1    15     2     9
  4.8654817775274722E-01 a      1195     1    15     2    10
  6.4908228087146691E-01 a      1196     1    15     2    11
  2.2612369555263648E-01 a      1197     1    15     2    12
  6.9877950418800627E-01 a      1198     1    15     2    13
  9.0227998280465516E-02 a      1199     1    15     2    14
  2.1713750091788731E-01 a      1200     1    15     2    15
  1.9645365380681581E-02 b      1201     2     1
 -4.7889410571847396E-01 b      1202     2     2
 -6.9003476212914772E-01 b      1203     2     3
 -1.0181879852750966E+00 b      1204     2     4
  9.3524506959565334E-01 b      1205     2     5
  1.0247957214377119E+00 b      1206     2     6
  1.5647561220688939E+00 b      1207     2     7
 -4.5814386396490753E-01 b      1208     2     8
  5.5996396326621667E-01 b      1209     2     9
 -4.7370695037144128E-01 b      1210     2    10
 -6.0733669949582669E-01 b      1211     2    11
 -4.3177573086112947E-01 b      1212     2    12
  4.5544922104161800E-01 b      1213     2    13
 -4.0435054244030666E-01 b      1214     2    14
  1.1505896264222708E+00 b      1215     2    15
  5.0781346261228433E-01 a      1216     2     1     3     1
 -5.7195531137828648E-01 a      1217     2     2     3     1
 -8.3745642718862257E-02 a      1218     2     3     3     1
  6.9638241293090708E-01 a      1219     2     4     3     1
  9.4646838529435018E-01 a      1220     2     5     3     1
  2.3307358262834976E-02 a      1221     2     6     3     1
  6.9177391764892834E-02 a      1222     2     7     3     1
 -8.1446925315149199E-01 a      1223     2     8     3     1
 -4.4519820895963580E-01 a      1224     2     9     3     1
 -6.4971015589347914E-01 a      1225     2    10     3     1
  3.4588269352831996E-01 a      1226     2    11     3     1
  1.3316350549266378E+00 a      1227     2    12     3     1
 -1.1479512807166098E-01 a      1228     2    13     3     1
  6.9846895046379531E-01 a      1229     2    14     3     1
 -9.4864283563528251E-01 a      1230     2    15     3     1
 -5.4916622198330399E-02 b      1231     3     1
